9.000000000000000000e+00
9.039999999999999147e+00
9.080000000000000071e+00
9.119999999999999218e+00
9.160000000000000142e+00
9.199999999999999289e+00
9.240000000000000213e+00
9.279999999999999361e+00
9.320000000000000284e+00
9.359999999999999432e+00
9.400000000000000355e+00
9.439999999999999503e+00
9.480000000000000426e+00
9.519999999999999574e+00
9.560000000000000497e+00
9.599999999999999645e+00
9.640000000000000568e+00
9.679999999999999716e+00
9.720000000000000639e+00
9.759999999999999787e+00
9.800000000000000711e+00
9.839999999999999858e+00
9.880000000000000782e+00
9.919999999999999929e+00
9.960000000000000853e+00
1.000000000000000000e+01
1.003999999999999915e+01
1.008000000000000007e+01
1.012000000000000099e+01
1.016000000000000014e+01
1.019999999999999929e+01
1.024000000000000021e+01
1.027999999999999936e+01
1.032000000000000028e+01
1.035999999999999943e+01
1.040000000000000036e+01
1.043999999999999950e+01
1.048000000000000043e+01
1.051999999999999957e+01
1.056000000000000050e+01
1.059999999999999964e+01
1.064000000000000057e+01
1.067999999999999972e+01
1.072000000000000064e+01
1.075999999999999979e+01
1.080000000000000071e+01
1.083999999999999986e+01
1.087999999999999901e+01
1.091999999999999993e+01
1.096000000000000085e+01
1.100000000000000000e+01
