-2.249999999999999917e-02
-2.240999999999999936e-02
-2.231999999999999956e-02
-2.222999999999999976e-02
-2.213999999999999996e-02
-2.205000000000000016e-02
-2.196000000000000035e-02
-2.187000000000000055e-02
-2.178000000000000075e-02
-2.169000000000000095e-02
-2.159999999999999767e-02
-2.150999999999999787e-02
-2.141999999999999807e-02
-2.132999999999999827e-02
-2.123999999999999846e-02
-2.114999999999999866e-02
-2.105999999999999886e-02
-2.096999999999999906e-02
-2.087999999999999926e-02
-2.078999999999999945e-02
-2.069999999999999965e-02
-2.060999999999999985e-02
-2.052000000000000005e-02
-2.043000000000000024e-02
-2.034000000000000044e-02
-2.025000000000000064e-02
-2.015999999999999737e-02
-2.006999999999999756e-02
-1.997999999999999776e-02
-1.988999999999999796e-02
-1.979999999999999816e-02
-1.970999999999999835e-02
-1.961999999999999855e-02
-1.952999999999999875e-02
-1.943999999999999895e-02
-1.934999999999999915e-02
-1.925999999999999934e-02
-1.916999999999999954e-02
-1.907999999999999974e-02
-1.898999999999999994e-02
-1.890000000000000013e-02
-1.881000000000000033e-02
-1.872000000000000053e-02
-1.863000000000000073e-02
-1.854000000000000092e-02
-1.845000000000000112e-02
-1.836000000000000132e-02
-1.827000000000000152e-02
-1.817999999999999824e-02
-1.808999999999999844e-02
-1.799999999999999864e-02
-1.790999999999999884e-02
-1.781999999999999904e-02
-1.772999999999999923e-02
-1.763999999999999943e-02
-1.754999999999999963e-02
-1.745999999999999983e-02
-1.737000000000000002e-02
-1.728000000000000022e-02
-1.719000000000000042e-02
-1.710000000000000062e-02
-1.700999999999999734e-02
-1.691999999999999754e-02
-1.682999999999999774e-02
-1.673999999999999794e-02
-1.664999999999999813e-02
-1.655999999999999833e-02
-1.646999999999999853e-02
-1.637999999999999873e-02
-1.628999999999999893e-02
-1.619999999999999912e-02
-1.610999999999999932e-02
-1.601999999999999952e-02
-1.592999999999999972e-02
-1.583999999999999991e-02
-1.575000000000000011e-02
-1.566000000000000031e-02
-1.557000000000000051e-02
-1.548000000000000070e-02
-1.539000000000000090e-02
-1.530000000000000110e-02
-1.520999999999999956e-02
-1.511999999999999802e-02
-1.502999999999999822e-02
-1.493999999999999842e-02
-1.484999999999999862e-02
-1.475999999999999882e-02
-1.466999999999999901e-02
-1.457999999999999921e-02
-1.448999999999999941e-02
-1.439999999999999961e-02
-1.430999999999999980e-02
-1.422000000000000000e-02
-1.413000000000000020e-02
-1.404000000000000040e-02
-1.395000000000000059e-02
-1.385999999999999906e-02
-1.376999999999999925e-02
-1.367999999999999945e-02
-1.358999999999999965e-02
-1.349999999999999985e-02
-1.341000000000000004e-02
-1.332000000000000024e-02
-1.323000000000000044e-02
-1.313999999999999890e-02
-1.304999999999999910e-02
-1.295999999999999930e-02
-1.286999999999999950e-02
-1.277999999999999969e-02
-1.268999999999999816e-02
-1.259999999999999835e-02
-1.250999999999999855e-02
-1.241999999999999875e-02
-1.232999999999999895e-02
-1.223999999999999914e-02
-1.214999999999999934e-02
-1.205999999999999954e-02
-1.196999999999999974e-02
-1.187999999999999994e-02
-1.179000000000000013e-02
-1.170000000000000033e-02
-1.161000000000000053e-02
-1.151999999999999899e-02
-1.142999999999999919e-02
-1.133999999999999939e-02
-1.124999999999999958e-02
-1.115999999999999978e-02
-1.106999999999999998e-02
-1.098000000000000018e-02
-1.089000000000000037e-02
-1.080000000000000057e-02
-1.071000000000000077e-02
-1.062000000000000097e-02
-1.053000000000000116e-02
-1.043999999999999963e-02
-1.034999999999999809e-02
-1.025999999999999829e-02
-1.016999999999999849e-02
-1.007999999999999868e-02
-9.989999999999998881e-03
-9.899999999999999079e-03
-9.809999999999999276e-03
-9.719999999999999474e-03
-9.629999999999999671e-03
-9.539999999999999869e-03
-9.450000000000000067e-03
-9.360000000000000264e-03
-9.270000000000000462e-03
-9.179999999999998925e-03
-9.089999999999999122e-03
-8.999999999999999320e-03
-8.909999999999999518e-03
-8.819999999999999715e-03
-8.729999999999999913e-03
-8.640000000000000110e-03
-8.550000000000000308e-03
-8.460000000000000506e-03
-8.370000000000000703e-03
-8.280000000000000901e-03
-8.190000000000001099e-03
-8.100000000000001296e-03
-8.009999999999999759e-03
-7.919999999999999957e-03
-7.829999999999998420e-03
-7.739999999999998617e-03
-7.649999999999998815e-03
-7.559999999999999012e-03
-7.469999999999999210e-03
-7.379999999999999408e-03
-7.289999999999999605e-03
-7.199999999999999803e-03
-7.110000000000000001e-03
-7.020000000000000198e-03
-6.929999999999998661e-03
-6.839999999999998859e-03
-6.749999999999999056e-03
-6.659999999999999254e-03
-6.569999999999999452e-03
-6.479999999999999649e-03
-6.389999999999999847e-03
-6.300000000000000044e-03
-6.210000000000000242e-03
-6.120000000000000440e-03
-6.030000000000000637e-03
-5.940000000000000835e-03
-5.850000000000001033e-03
-5.760000000000001230e-03
-5.670000000000001428e-03
-5.580000000000001625e-03
-5.490000000000001823e-03
-5.400000000000002021e-03
-5.310000000000002218e-03
-5.219999999999998946e-03
-5.129999999999999144e-03
-5.039999999999999342e-03
-4.949999999999999539e-03
-4.859999999999999737e-03
-4.769999999999999934e-03
-4.680000000000000132e-03
-4.590000000000000330e-03
-4.500000000000000527e-03
-4.410000000000000725e-03
-4.320000000000000923e-03
-4.230000000000001120e-03
-4.140000000000001318e-03
-4.050000000000001515e-03
-3.960000000000001713e-03
-3.869999999999998441e-03
-3.779999999999998639e-03
-3.689999999999998836e-03
-3.599999999999999034e-03
-3.509999999999999232e-03
-3.419999999999999429e-03
-3.329999999999999627e-03
-3.239999999999999825e-03
-3.150000000000000022e-03
-3.060000000000000220e-03
-2.970000000000000417e-03
-2.879999999999997146e-03
-2.789999999999997343e-03
-2.699999999999997541e-03
-2.609999999999997738e-03
-2.519999999999997936e-03
-2.429999999999998134e-03
-2.339999999999998331e-03
-2.249999999999998529e-03
-2.159999999999998727e-03
-2.069999999999998924e-03
-1.979999999999999122e-03
-1.889999999999999319e-03
-1.799999999999999517e-03
-1.709999999999999715e-03
-1.619999999999999912e-03
-1.530000000000000110e-03
-1.440000000000000308e-03
-1.350000000000000505e-03
-1.260000000000000703e-03
-1.170000000000000900e-03
-1.080000000000001098e-03
-9.900000000000012956e-04
-9.000000000000014932e-04
-8.100000000000016909e-04
-7.200000000000018885e-04
-6.300000000000020861e-04
-5.399999999999988143e-04
-4.499999999999990119e-04
-3.599999999999992095e-04
-2.699999999999994071e-04
-1.799999999999996048e-04
-8.999999999999980238e-05
0.000000000000000000e+00
8.999999999999980238e-05
1.799999999999996048e-04
2.699999999999994071e-04
3.599999999999992095e-04
4.499999999999990119e-04
5.399999999999988143e-04
6.299999999999986167e-04
7.199999999999984190e-04
8.099999999999982214e-04
8.999999999999980238e-04
9.899999999999978262e-04
1.079999999999997629e-03
1.169999999999997431e-03
1.259999999999997233e-03
1.349999999999997036e-03
1.439999999999996838e-03
1.530000000000000110e-03
1.619999999999999912e-03
1.710000000000003184e-03
1.800000000000002986e-03
1.890000000000002789e-03
1.980000000000002591e-03
2.070000000000002394e-03
2.160000000000002196e-03
2.250000000000001998e-03
2.340000000000001801e-03
2.430000000000001603e-03
2.520000000000001406e-03
2.610000000000001208e-03
2.700000000000001010e-03
2.790000000000000813e-03
2.880000000000000615e-03
2.970000000000000417e-03
3.060000000000000220e-03
3.150000000000000022e-03
3.239999999999999825e-03
3.329999999999999627e-03
3.419999999999999429e-03
3.509999999999999232e-03
3.599999999999999034e-03
3.689999999999998836e-03
3.779999999999998639e-03
3.869999999999998441e-03
3.959999999999998244e-03
4.050000000000001515e-03
4.140000000000001318e-03
4.230000000000001120e-03
4.320000000000000923e-03
4.410000000000000725e-03
4.500000000000000527e-03
4.590000000000000330e-03
4.680000000000000132e-03
4.769999999999999934e-03
4.859999999999999737e-03
4.949999999999999539e-03
5.039999999999999342e-03
5.129999999999999144e-03
5.219999999999998946e-03
5.309999999999998749e-03
5.399999999999998551e-03
5.489999999999998354e-03
5.579999999999998156e-03
5.669999999999997958e-03
5.759999999999997761e-03
5.849999999999997563e-03
5.939999999999997365e-03
6.029999999999997168e-03
6.119999999999996970e-03
6.209999999999996773e-03
6.299999999999996575e-03
6.389999999999999847e-03
6.479999999999999649e-03
6.569999999999999452e-03
6.659999999999999254e-03
6.750000000000002526e-03
6.840000000000002328e-03
6.930000000000002131e-03
7.020000000000001933e-03
7.110000000000001735e-03
7.200000000000001538e-03
7.290000000000001340e-03
7.380000000000001142e-03
7.470000000000000945e-03
7.560000000000000747e-03
7.650000000000000550e-03
7.740000000000000352e-03
7.830000000000000154e-03
7.919999999999999957e-03
8.009999999999999759e-03
8.099999999999999561e-03
8.189999999999999364e-03
8.279999999999999166e-03
8.369999999999998969e-03
8.459999999999998771e-03
8.549999999999998573e-03
8.640000000000001845e-03
8.730000000000001648e-03
8.820000000000001450e-03
8.910000000000001252e-03
9.000000000000001055e-03
9.090000000000000857e-03
9.180000000000000659e-03
9.270000000000000462e-03
9.360000000000000264e-03
9.450000000000000067e-03
9.539999999999999869e-03
9.629999999999999671e-03
9.719999999999999474e-03
9.810000000000006215e-03
9.899999999999999079e-03
9.990000000000005820e-03
1.007999999999999868e-02
1.017000000000000542e-02
1.025999999999999829e-02
1.035000000000000503e-02
1.043999999999999789e-02
1.053000000000000463e-02
1.061999999999999750e-02
1.071000000000000424e-02
1.079999999999999710e-02
1.089000000000000384e-02
1.097999999999999671e-02
1.107000000000000345e-02
1.115999999999999631e-02
1.125000000000000305e-02
1.133999999999999592e-02
1.143000000000000266e-02
1.151999999999999552e-02
1.161000000000000226e-02
1.169999999999999513e-02
1.179000000000000187e-02
1.187999999999999473e-02
1.197000000000000147e-02
1.206000000000000127e-02
1.215000000000000108e-02
1.224000000000000088e-02
1.233000000000000068e-02
1.242000000000000048e-02
1.251000000000000029e-02
1.260000000000000009e-02
1.268999999999999989e-02
1.277999999999999969e-02
1.286999999999999950e-02
1.295999999999999930e-02
1.304999999999999910e-02
1.313999999999999890e-02
1.322999999999999871e-02
1.331999999999999851e-02
1.340999999999999831e-02
1.349999999999999811e-02
1.358999999999999792e-02
1.367999999999999772e-02
1.376999999999999752e-02
1.385999999999999732e-02
1.394999999999999712e-02
1.403999999999999693e-02
1.412999999999999673e-02
1.421999999999999653e-02
1.430999999999999633e-02
1.439999999999999614e-02
1.449000000000000288e-02
1.457999999999999574e-02
1.467000000000000248e-02
1.476000000000000228e-02
1.485000000000000209e-02
1.494000000000000189e-02
1.503000000000000169e-02
1.512000000000000149e-02
1.521000000000000130e-02
1.530000000000000110e-02
1.539000000000000090e-02
1.548000000000000070e-02
1.557000000000000051e-02
1.566000000000000031e-02
1.575000000000000011e-02
1.583999999999999991e-02
1.592999999999999972e-02
1.601999999999999952e-02
1.610999999999999932e-02
1.619999999999999912e-02
1.628999999999999893e-02
1.637999999999999873e-02
1.646999999999999853e-02
1.655999999999999833e-02
1.664999999999999813e-02
1.674000000000000488e-02
1.682999999999999774e-02
1.692000000000000448e-02
1.700999999999999734e-02
1.710000000000000409e-02
1.718999999999999695e-02
1.728000000000000369e-02
1.736999999999999655e-02
1.746000000000000330e-02
1.754999999999999616e-02
1.764000000000000290e-02
1.772999999999999576e-02
1.782000000000000250e-02
1.790999999999999537e-02
1.800000000000000211e-02
1.808999999999999497e-02
1.818000000000000171e-02
1.826999999999999458e-02
1.836000000000000132e-02
1.844999999999999418e-02
1.854000000000000092e-02
1.862999999999999379e-02
1.872000000000000053e-02
1.880999999999999339e-02
1.890000000000000013e-02
1.898999999999999994e-02
1.907999999999999974e-02
1.916999999999999954e-02
1.925999999999999934e-02
1.934999999999999915e-02
1.943999999999999895e-02
1.952999999999999875e-02
1.961999999999999855e-02
1.970999999999999835e-02
1.979999999999999816e-02
1.988999999999999796e-02
1.997999999999999776e-02
2.007000000000000450e-02
2.015999999999999737e-02
2.025000000000000411e-02
2.033999999999999697e-02
2.043000000000000371e-02
2.051999999999999658e-02
2.061000000000000332e-02
2.069999999999999618e-02
2.079000000000000292e-02
2.087999999999999579e-02
2.097000000000000253e-02
2.105999999999999539e-02
2.115000000000000213e-02
2.123999999999999500e-02
2.133000000000000174e-02
2.142000000000000154e-02
2.151000000000000134e-02
2.160000000000000114e-02
2.169000000000000095e-02
2.178000000000000075e-02
2.187000000000000055e-02
2.196000000000000035e-02
2.205000000000000016e-02
2.213999999999999996e-02
2.222999999999999976e-02
2.231999999999999956e-02
2.240999999999999936e-02
2.249999999999999917e-02
