1.9013
2.1065
1.7887
1.8727
1.9784
1.8704
1.879
1.9358
1.8966
1.8901
1.9163
1.9054
1.8997
1.9089
1.9073
1.9059
1.9073
1.908
1.9078
1.9098
1.9097
1.9101
1.9126
1.9118
1.9128
1.9147
1.9141
1.9158
1.9168
1.9168
1.919
1.9193
1.92
1.9227
1.9221
1.9233
1.9256
1.9252
1.927
1.9285
1.9287
1.9312
1.9318
1.9326
1.9356
1.9353
1.9368
1.9394
1.9393
1.9414
1.9431
1.9435
1.9463
1.9472
1.9482
1.9514
1.9515
1.9532
1.9562
1.9563
1.9587
1.9608
1.9614
1.9643
1.9657
1.967
1.9704
1.9708
1.9728
1.9762
1.9765
1.979
1.9815
1.9824
1.9857
1.9873
1.9888
1.9926
1.9934
1.9956
1.9994
2.0125
1.993
1.998
2.0461
1.9877
1.9714
2.1084
1.9945
1.8875
2.2153
2.0525
1.6396
2.4652
2.4247
-0.93674
-4.1319
-3.9933
-3.2281
-3.6802
-3.7824
-3.4603
-3.589
-3.6754
-3.5338
-3.5579
-3.6028
-3.5491
-3.5428
-3.5543
-3.5367
-3.5269
-3.5185
-3.5135
-3.502
-3.4943
-3.4873
-3.4764
-3.4693
-3.4604
-3.4498
-3.4432
-3.4322
-3.4224
-3.416
-3.4032
-3.3939
-3.3856
-3.3731
-3.3643
-3.3539
-3.3419
-3.3334
-3.321
-3.3094
-3.3014
-3.2869
-3.2757
-3.2658
-3.2515
-3.2407
-3.2287
-3.2147
-3.2043
-3.1902
-3.1766
-3.1663
-3.1501
-3.1369
-3.125
-3.1088
-3.0958
-3.0818
-3.0658
-3.0531
-3.0372
-3.0215
-3.0091
-2.9912
-2.9759
-2.9621
-2.9439
-2.9289
-2.9133
-2.8955
-2.8808
-2.8633
-2.846
-2.8317
-2.8125
-2.7956
-2.7804
-2.761
-2.7447
-2.728
-2.7093
-2.6935
-2.6755
-2.6574
-2.6424
-2.6231
-2.6059
-2.5906
-2.5713
-2.555
-2.5387
-2.5205
-2.5052
-2.4881
-2.4709
-2.4567
-2.4389
-2.4229
-2.409
-2.3915
-2.3769
-2.3625
-2.3462
-2.3329
-2.3181
-2.3032
-2.2912
-2.276
-2.2625
-2.2512
-2.2364
-2.2243
-2.2127
-2.1993
-2.1887
-2.1768
-2.1648
-2.1555
-2.1434
-2.1327
-2.1242
-2.1123
-2.103
-2.0943
-2.0836
-2.0757
-2.0666
-2.0573
-2.0506
-2.0412
-2.0331
-2.0271
-2.0178
-2.011
-2.0046
-1.9964
-1.9907
-1.984
-1.9769
-1.9722
-1.9651
-1.959
-1.9551
-1.9479
-1.9429
-1.9386
-1.9322
-1.9283
-1.9234
-1.918
-1.915
-1.9097
-1.9053
-1.903
-1.8973
-1.8938
-1.8909
-1.886
-1.8834
-1.8801
-1.8761
-1.8743
-1.8703
-1.867
-1.866
-1.8615
-1.8591
-1.8575
-1.8537
-1.8522
-1.8499
-1.8469
-1.846
-1.8431
-1.8408
-1.8407
-1.8372
-1.8357
-1.835
-1.832
-1.8313
-1.83
-1.8277
-1.8276
-1.8256
-1.8241
-1.8246
-1.8219
-1.8211
-1.8212
-1.8189
-1.8187
-1.8181
-1.8165
-1.8169
-1.8156
-1.8147
-1.8158
-1.8137
-1.8134
-1.8141
-1.8124
-1.8127
-1.8127
-1.8116
-1.8126
-1.8118
-1.8113
-1.8128
-1.8114
-1.8115
-1.8127
-1.8114
-1.8122
-1.8127
-1.8119
-1.8133
-1.813
-1.8128
-1.8147
-1.8137
-1.8143
-1.8159
-1.8149
-1.816
-1.8169
-1.8165
-1.8181
-1.8183
-1.8184
-1.8206
-1.82
-1.8208
-1.8229
-1.8221
-1.8234
-1.8247
-1.8245
-1.8265
-1.8269
-1.8273
-1.8298
-1.8295
-1.8305
-1.8329
-1.8324
-1.8339
-1.8355
-1.8355
-1.8377
-1.8385
-1.839
-1.8417
-1.8417
-1.8428
-1.8455
-1.8451
-1.8469
-1.8488
-1.8489
-1.8511
-1.8522
-1.8529
-1.8557
-1.8558
-1.8571
-1.86
-1.8598
-1.8616
-1.8637
-1.8639
-1.8663
-1.8676
-1.8684
-1.8712
-1.8716
-1.8729
-1.8761
-1.8759
-1.8778
-1.8801
-1.8804
-1.8828
-1.8842
-1.8851
-1.888
-1.8885
-1.8899
-1.8932
-1.893
-1.8949
-1.8974
-1.8977
-1.9001
-1.9017
-1.9025
-1.9054
-1.906
-1.9074
-1.9109
-1.9107
-1.9125
-1.9151
-1.9154
-1.9178
-1.9194
-1.9202
-1.9231
-1.9239
-1.9252
-1.9286
-1.9284
-1.9302
-1.9328
-1.933
-1.9354
-1.9371
-1.9378
-1.9407
-1.9415
-1.9427
-1.946
-1.9459
-1.9477
-1.9503
-1.9504
-1.9578
-1.9627
-1.9384
-1.9685
-1.9916
-1.9067
-1.9688
-2.0604
-1.8516
-1.9294
-2.2154
-1.7622
-1.7453
-2.7357
-1.4315
2.6026
4.6367
3.7837
3.5144
4.0468
3.8625
3.677
3.8932
3.856
3.7529
3.8319
3.8314
3.7881
3.8079
3.8087
3.7974
3.7973
3.7914
3.7897
3.7878
3.7828
3.782
3.7781
3.7741
3.7742
3.7685
3.7653
3.765
3.7587
3.7565
3.7542
3.7486
3.7474
3.7432
3.7386
3.7382
3.7321
3.7284
3.7277
3.7207
3.7179
3.7153
3.7091
3.7071
3.7026
3.6973
3.6961
3.6896
3.6851
3.6837
3.6761
3.6725
3.6692
3.6622
3.6594
3.6542
3.6479
3.6457
3.6385
3.633
3.6309
3.6222
3.6175
3.6133
3.6052
3.6012
3.595
3.5875
3.5839
3.5756
3.5687
3.5653
3.5553
3.5489
3.5433
3.5337
3.5279
3.5201
3.5108
3.5053
3.4953
3.4864
3.481
3.4689
3.4602
3.4524
3.4403
3.4317
3.4215
3.4095
3.401
3.3883
3.3761
3.3673
3.3519
3.3396
3.3282
3.3122
3.2994
3.285
3.2683
3.2548
3.2372
3.2196
3.2051
3.1841
3.1654
3.1474
3.1246
3.1042
3.0822
3.0573
3.0347
3.0083
2.9808
2.9555
2.924
2.8933
2.8628
2.827
2.7921
2.7553
2.7147
2.675
2.6311
2.5847
2.5391
2.4873
2.4347
2.3815
2.3226
2.2639
2.2036
2.1397
2.0774
2.013
1.9484
1.8873
1.8246
1.7655
1.7112
1.6571
1.6086
1.5643
1.522
1.4855
1.4512
1.4198
1.3935
1.3673
1.3445
1.3253
1.3055
1.2889
1.2742
1.2593
1.2473
1.2353
1.2239
1.215
1.2049
1.1963
1.1893
1.1808
1.1742
1.1681
1.1613
1.1563
1.1508
1.1453
1.1415
1.1363
1.132
1.1289
1.1242
1.1208
1.1177
1.1137
1.1112
1.1081
1.1048
1.103
1.0997
1.0971
1.0955
1.0922
1.0902
1.0885
1.0857
1.0843
1.0822
1.0799
1.079
1.0766
1.0748
1.0741
1.0716
1.0703
1.0692
1.067
1.0662
1.0647
1.0629
1.0624
1.0605
1.0591
1.0589
1.0567
1.0557
1.0551
1.0533
1.0526
1.0515
1.05
1.0497
1.0482
1.047
1.047
1.045
1.0443
1.0439
1.0422
1.0417
1.0408
1.0395
1.0393
1.0379
1.0369
1.0371
1.0353
1.0346
1.0343
1.0327
1.0323
1.0315
1.0303
1.0302
1.0289
1.0279
1.0281
1.0265
1.0258
1.0256
1.0241
1.0237
1.023
1.0218
1.0217
1.0205
1.0196
1.0198
1.0182
1.0175
1.0173
1.0158
1.0154
1.0148
1.0136
1.0134
1.0123
1.0114
1.0115
1.01
1.0092
1.0091
1.0076
1.0071
1.0066
1.0053
1.0051
1.004
1.003
1.0031
1.0016
1.0008
1.0008
0.99916
0.99868
0.99812
0.99677
0.99655
0.99549
0.99442
0.99445
0.99292
0.9921
0.99201
0.99036
0.98982
0.98925
0.98784
0.98757
0.98651
0.98536
0.98532
0.98379
0.9829
0.98279
0.98109
0.98048
0.9799
0.97842
0.97806
0.977
0.97578
0.97566
0.97413
0.97318
0.97304
0.97127
0.97058
0.96999
0.96845
0.96802
0.96694
0.96565
0.96545
0.9639
0.96287
0.96272
0.96089
0.96012
0.95952
0.95791
0.95739
0.95631
0.95495
0.95467
0.95312
0.95201
0.95183
0.94996
0.94912
0.94849
0.94682
0.94623
0.94513
0.9437
0.94335
0.9418
0.94063
0.94043
0.93849
0.93757
0.93693
0.93521
0.93455
0.93345
0.93196
0.93152
0.92997
0.92874
0.92852
0.92653
0.92555
0.9249
0.92311
0.92237
0.92127
0.91972
0.91923
0.91768
0.91637
0.91608
0.9141
0.91304
0.91238
0.91055
0.90974
0.90864
0.90703
0.90646
0.90491
0.90354
0.90318
0.9012
0.90008
0.8994
0.89752
0.89665
0.89553
0.89387
0.89322
0.89167
0.89024
0.8898
0.88782
0.88663
0.88593
0.88399
0.88304
0.88191
0.88018
0.87945
0.87789
0.87639
0.87586
0.87387
0.8726
0.87187
0.86986
0.86882
0.86766
0.86585
0.86503
0.86344
0.86184
0.86121
0.8592
0.85783
0.85704
0.85494
0.85378
0.85257
0.85066
0.84972
0.84807
0.84636
0.84559
0.84352
0.84202
0.84114
0.83893
0.83763
0.83633
0.83428
0.83318
0.83144
0.82958
0.82864
0.82647
0.8248
0.8238
0.82142
0.81994
0.8185
0.81627
0.81496
0.81307
0.81102
0.80986
0.80753
0.80564
0.80444
0.80185
0.80012
0.79848
0.79603
0.79444
0.79235
0.79003
0.78859
0.78604
0.78385
0.78239
0.77953
0.77748
0.77556
0.7728
0.77087
0.76849
0.76583
0.76401
0.76117
0.75861
0.75679
0.75357
0.75111
0.74884
0.74568
0.74332
0.74058
0.73749
0.7352
0.73198
0.72897
0.72669
0.72302
0.72008
0.71735
0.71371
0.71082
0.70761
0.70401
0.70115
0.69746
0.6939
0.69106
0.68688
0.68335
0.68005
0.67586
0.67235
0.66858
0.66438
0.66088
0.65662
0.65243
0.64893
0.64419
0.64
0.63608
0.63126
0.62707
0.62267
0.61783
0.61364
0.60877
0.6039
0.59968
0.59436
0.58948
0.5849
0.57944
0.57456
0.56954
0.56406
0.55917
0.55372
0.54821
0.54331
0.53744
0.53194
0.52674
0.52074
0.51525
0.50969
0.50368
0.4982
0.49227
0.48628
0.48083
0.47457
0.4686
0.46298
0.45661
0.45071
0.44481
0.4385
0.43267
0.42651
0.42028
0.41455
0.40818
0.40205
0.39627
0.38986
0.38387
0.37795
0.37167
0.36584
0.3598
0.35369
0.34804
0.3419
0.33599
0.33043
0.32436
0.31867
0.31309
0.30723
0.30179
0.29623
0.29062
0.28544
0.27992
0.27458
0.26961
0.26423
0.25919
0.25431
0.24922
0.24449
0.23973
0.23494
0.23054
0.22591
0.22144
0.21731
0.21287
0.20874
0.20478
0.20067
0.19687
0.19308
0.18929
0.18582
0.1822
0.17873
0.17556
0.17214
0.16899
0.16601
0.1629
0.16007
0.15726
0.15444
0.15191
0.14927
0.14675
0.14448
0.14201
0.13976
0.13766
0.13545
0.13347
0.13151
0.12954
0.1278
0.12597
0.12423
0.12271
0.121
0.11947
0.11806
0.11655
0.11522
0.1139
0.11256
0.11141
0.11017
0.10899
0.10798
0.10681
0.10577
0.10482
0.10377
0.10286
0.10195
0.101
0.10019
0.099305
0.098452
0.097737
0.096859
0.096087
0.095384
0.094561
0.093857
0.093145
0.092379
0.091729
0.090996
0.090275
0.089664
0.0889
0.088213
0.087581
0.086823
0.086159
0.085482
0.084739
0.08409
0.083361
0.082625
0.081978
0.081188
0.080452
0.079763
0.078948
0.078209
0.077458
0.076635
0.075889
0.075071
0.074235
0.073473
0.072584
0.071731
0.070922
0.069993
0.069123
0.068245
0.067293
0.066402
0.065451
0.064473
0.063556
0.062531
0.061526
0.06056
0.059485
0.058452
0.057416
0.056306
0.055243
0.054135
0.052993
0.051901
0.050726
0.049556
0.048423
0.047198
0.046002
0.044808
0.04355
0.042323
0.041065
0.039771
0.038512
0.037193
0.035866
0.034567
0.033195
0.031834
0.03048
0.029071
0.027677
0.026269
0.024824
0.023398
0.021937
0.020457
0.018993
0.017482
0.015963
0.014453
0.012904
0.011351
0.009798
0.0082111
0.0066261
0.0050331
0.0034097
0.001791
0.00015664
-0.0015062
-0.0031622
-0.0048406
-0.0065435
-0.0082349
-0.0099577
-0.011701
-0.013427
-0.015195
-0.016977
-0.018741
-0.020556
-0.022368
-0.024182
-0.026045
-0.027886
-0.029751
-0.031659
-0.033526
-0.035444
-0.037399
-0.039292
-0.041262
-0.043236
-0.045184
-0.047208
-0.049201
-0.051208
-0.053285
-0.055298
-0.057368
-0.059502
-0.061537
-0.063671
-0.065822
-0.067917
-0.070116
-0.072277
-0.074441
-0.076704
-0.078877
-0.081113
-0.08344
-0.085626
-0.087937
-0.09028
-0.09253
-0.094915
-0.09726
-0.099587
-0.10205
-0.1044
-0.10681
-0.10934
-0.1117
-0.1142
-0.11675
-0.11916
-0.12175
-0.1243
-0.12681
-0.12948
-0.13201
-0.13461
-0.13736
-0.13989
-0.14259
-0.14536
-0.14794
-0.15074
-0.15349
-0.15618
-0.15906
-0.16179
-0.16458
-0.16755
-0.17027
-0.17316
-0.17616
-0.17892
-0.18193
-0.18489
-0.18776
-0.19086
-0.1938
-0.19678
-0.19998
-0.20288
-0.20597
-0.2092
-0.21213
-0.21534
-0.21852
-0.22157
-0.22488
-0.228
-0.23116
-0.23458
-0.23765
-0.24092
-0.24438
-0.24746
-0.25085
-0.25422
-0.25742
-0.26093
-0.26422
-0.26752
-0.27114
-0.27436
-0.27778
-0.28143
-0.28462
-0.28817
-0.29172
-0.29503
-0.29869
-0.30214
-0.30556
-0.30932
-0.31265
-0.3162
-0.32001
-0.32327
-0.32693
-0.3306
-0.33398
-0.33775
-0.34128
-0.34477
-0.34863
-0.35202
-0.35561
-0.35953
-0.36281
-0.36652
-0.37027
-0.37365
-0.37745
-0.38102
-0.3845
-0.3884
-0.39179
-0.39537
-0.39933
-0.40255
-0.40623
-0.40999
-0.41329
-0.41706
-0.4206
-0.424
-0.42785
-0.43116
-0.43465
-0.43857
-0.44165
-0.44522
-0.44891
-0.45205
-0.4557
-0.45912
-0.46235
-0.46607
-0.46922
-0.47252
-0.4763
-0.47918
-0.48255
-0.48608
-0.48898
-0.49242
-0.49564
-0.49861
-0.5021
-0.50501
-0.50804
-0.51157
-0.51417
-0.51725
-0.52052
-0.52309
-0.52622
-0.52915
-0.53175
-0.53492
-0.5375
-0.54015
-0.54334
-0.54557
-0.54827
-0.5512
-0.55333
-0.55606
-0.5586
-0.56075
-0.56349
-0.56564
-0.56782
-0.57056
-0.5723
-0.5745
-0.57698
-0.57858
-0.58079
-0.58286
-0.58446
-0.58666
-0.58829
-0.58988
-0.59206
-0.59325
-0.59484
-0.59677
-0.59773
-0.5993
-0.60076
-0.60169
-0.60324
-0.60421
-0.6051
-0.60658
-0.60707
-0.60792
-0.60915
-0.60933
-0.61012
-0.61084
-0.61095
-0.61168
-0.61187
-0.61191
-0.61254
-0.61221
-0.61217
-0.61252
-0.61179
-0.61165
-0.61144
-0.61057
-0.61029
-0.60951
-0.6085
-0.60807
-0.60671
-0.60557
-0.60485
-0.603
-0.6017
-0.60037
-0.59832
-0.59681
-0.59483
-0.59255
-0.59079
-0.58814
-0.58563
-0.58353
-0.58029
-0.57752
-0.57475
-0.57122
-0.56817
-0.5647
-0.56085
-0.55746
-0.55324
-0.54903
-0.54521
-0.54026
-0.53567
-0.5311
-0.52573
-0.52073
-0.51535
-0.50953
-0.50407
-0.49788
-0.49157
-0.48562
-0.47859
-0.47176
-0.46494
-0.45732
-0.44993
-0.44224
-0.43404
-0.42609
-0.41751
-0.40872
-0.40017
-0.39069
-0.38126
-0.37183
-0.36164
-0.35153
-0.34117
-0.33028
-0.3195
-0.30826
-0.2967
-0.28527
-0.27315
-0.26091
-0.24868
-0.23585
-0.22297
-0.20996
-0.19649
-0.18302
-0.1693
-0.15522
-0.14121
-0.12685
-0.11227
-0.097745
-0.082883
-0.067897
-0.052965
-0.037731
-0.022452
-0.0072206
0.0082745
0.023735
0.039144
0.054771
0.070263
0.085736
0.10136
0.11674
0.13216
0.14765
0.16279
0.17805
0.19328
0.20806
0.22303
0.23783
0.25223
0.26681
0.28101
0.29499
0.3091
0.32263
0.33613
0.3497
0.36249
0.37547
0.38834
0.40049
0.41291
0.42494
0.43656
0.44841
0.45959
0.47064
0.4819
0.49219
0.50269
0.51322
0.52279
0.53276
0.54239
0.55145
0.56091
0.56967
0.57827
0.58726
0.59518
0.60335
0.61173
0.61897
0.62674
0.63429
0.64115
0.64855
0.65529
0.66182
0.66887
0.67483
0.68108
0.6877
0.69303
0.69901
0.7049
0.70999
0.71575
0.72091
0.72582
0.73139
0.73587
0.74062
0.74591
0.7498
0.75442
0.75904
0.7628
0.76732
0.7713
0.77497
0.7794
0.78275
0.78638
0.79069
0.79348
0.79708
0.80079
0.80355
0.80714
0.81024
0.813
0.81658
0.8191
0.82188
0.82547
0.82744
0.83029
0.83333
0.83532
0.83822
0.84069
0.84276
0.84572
0.84766
0.84981
0.85283
0.85425
0.85651
0.85907
0.86051
0.86289
0.86491
0.86647
0.86896
0.87046
0.87214
0.87474
0.87574
0.87756
0.87976
0.88078
0.88277
0.88446
0.88562
0.88776
0.88895
0.89027
0.89254
0.89325
0.89474
0.89669
0.89738
0.89907
0.90053
0.9014
0.90327
0.90424
0.9053
0.90733
0.90783
0.90908
0.91085
0.91128
0.91273
0.91402
0.91465
0.91631
0.91711
0.91795
0.91979
0.92013
0.92118
0.92282
0.92307
0.92434
0.92552
0.92597
0.92747
0.92818
0.92885
0.93054
0.93078
0.93169
0.93325
0.93335
0.9345
0.9356
0.93591
0.93728
0.93791
0.93845
0.94002
0.94018
0.94096
0.94248
0.94245
0.94347
0.94453
0.94472
0.94598
0.94655
0.94698
0.94847
0.94858
0.94924
0.95072
0.95059
0.95151
0.95252
0.95261
0.95378
0.95432
0.95464
0.95604
0.95611
0.9567
0.95815
0.95794
0.95878
0.95979
0.95979
0.96089
0.96143
0.96169
0.96303
0.96309
0.96359
0.96503
0.96473
0.96548
0.96646
0.96638
0.96739
0.96789
0.96805
0.96931
0.96935
0.96978
0.97121
0.97084
0.97153
0.9725
0.97234
0.97329
0.97378
0.97387
0.97506
0.97508
0.97544
0.97685
0.97642
0.97704
0.97802
0.97779
0.97867
0.97916
0.97918
0.98031
0.98032
0.98061
0.98196
0.98152
0.98207
0.98305
0.98275
0.98356
0.98406
0.98401
0.98508
0.98509
0.9853
0.9866
0.98615
0.98664
0.98761
0.98725
0.98801
0.98851
0.98839
0.9894
0.98942
0.98956
0.9908
0.99035
0.99077
0.99175
0.99133
0.99203
0.99254
0.99237
0.99334
0.99337
0.99347
0.99467
0.99423
0.99462
0.99562
0.99515
0.99581
0.99634
0.99613
0.99705
0.9971
0.99716
0.99834
0.99793
0.99828
0.99932
0.99882
0.99945
1
0.99978
1.0007
1.0008
1.0008
1.0019
1.0015
1.0019
1.003
1.0025
1.0031
1.0037
1.0034
1.0043
1.0044
1.0044
1.0056
1.0053
1.0055
1.0066
1.0062
1.0068
1.0074
1.0071
1.0081
1.0082
1.0082
1.0094
1.0091
1.0094
1.0107
1.0102
1.0108
1.0115
1.0113
1.0122
1.0125
1.0126
1.0138
1.0136
1.0139
1.0152
1.0147
1.0154
1.0162
1.0161
1.0171
1.0175
1.0176
1.0188
1.0187
1.0191
1.0206
1.0203
1.021
1.022
1.0219
1.023
1.0236
1.0238
1.0252
1.0253
1.0258
1.0275
1.0272
1.0281
1.0293
1.0294
1.0307
1.0316
1.0319
1.0335
1.0339
1.0347
1.0366
1.0366
1.0377
1.0393
1.0397
1.0412
1.0424
1.0431
1.0449
1.0457
1.0469
1.0492
1.0496
1.0512
1.0532
1.054
1.0559
1.0576
1.0588
1.0612
1.0626
1.0643
1.0672
1.0683
1.0705
1.0732
1.0746
1.0774
1.0799
1.0819
1.0852
1.0874
1.09
1.0939
1.096
1.0992
1.1032
1.1057
1.1096
1.1135
1.1167
1.1215
1.1253
1.1294
1.135
1.1389
1.144
1.1501
1.1547
1.1609
1.1673
1.173
1.1806
1.1875
1.1948
1.2039
1.2114
1.2206
1.2311
1.2402
1.2515
1.2633
1.2749
1.289
1.3028
1.3176
1.3352
1.3517
1.3709
1.3924
1.4131
1.4377
1.4638
1.491
1.5224
1.5545
1.5893
1.6286
1.6674
1.7104
1.7569
1.8025
1.8576
1.9088
1.9408
2.0201
2.0838
2.0683
2.181
2.2906
2.1691
2.3099
2.5615
2.2183
2.3257
3.1364
1.936
-1.2748
-2.6902
-1.9626
-1.8322
-2.2417
-2.0649
-1.9487
-2.1232
-2.0791
-2.0096
-2.0766
-2.0713
-2.0416
-2.06
-2.0606
-2.0539
-2.0551
-2.0525
-2.052
-2.0521
-2.0498
-2.0497
-2.0487
-2.0468
-2.0471
-2.0449
-2.0434
-2.0441
-2.0408
-2.0398
-2.0394
-2.0366
-2.0359
-2.0345
-2.0321
-2.0319
-2.0294
-2.0275
-2.0277
-2.0242
-2.0228
-2.0221
-2.0189
-2.0179
-2.0162
-2.0134
-2.0129
-2.0102
-2.0079
-2.0078
-2.0041
-2.0022
-2.0014
-1.9979
-1.9966
-1.9947
-1.9916
-1.9908
-1.988
-1.9854
-1.985
-1.9812
-1.9791
-1.9781
-1.9743
-1.9728
-1.9709
-1.9676
-1.9665
-1.9635
-1.9607
-1.9601
-1.9561
-1.9538
-1.9527
-1.9488
-1.947
-1.9449
-1.9415
-1.9402
-1.9371
-1.9342
-1.9334
-1.9294
-1.9269
-1.9258
-1.9216
-1.9197
-1.9177
-1.914
-1.9125
-1.9095
-1.9063
-1.9053
-1.9014
-1.8988
-1.8976
-1.8933
-1.8912
-1.8891
-1.8853
-1.8837
-1.8807
-1.8775
-1.8763
-1.8723
-1.8696
-1.8684
-1.864
-1.8618
-1.8597
-1.8559
-1.8542
-1.8511
-1.8478
-1.8466
-1.8427
-1.8398
-1.8386
-1.8342
-1.8319
-1.8298
-1.8259
-1.8241
-1.8212
-1.8178
-1.8165
-1.8127
-1.8097
-1.8085
-1.8041
-1.8017
-1.7997
-1.7958
-1.7939
-1.7911
-1.7877
-1.7863
-1.7826
-1.7796
-1.7785
-1.7741
-1.7717
-1.7697
-1.7658
-1.7639
-1.7611
-1.7577
-1.7563
-1.7527
-1.7497
-1.7487
-1.7444
-1.7419
-1.7401
-1.7362
-1.7343
-1.7316
-1.7282
-1.7267
-1.7233
-1.7204
-1.7193
-1.7151
-1.7127
-1.711
-1.7071
-1.7052
-1.7027
-1.6993
-1.698
-1.6947
-1.6918
-1.6908
-1.6868
-1.6844
-1.6828
-1.679
-1.6772
-1.6749
-1.6716
-1.6702
-1.667
-1.6642
-1.6633
-1.6595
-1.6572
-1.6558
-1.6521
-1.6504
-1.6482
-1.645
-1.6437
-1.6409
-1.6382
-1.6374
-1.6337
-1.6315
-1.6304
-1.6269
-1.6252
-1.6232
-1.6202
-1.619
-1.6163
-1.6138
-1.6131
-1.6097
-1.6077
-1.6066
-1.6033
-1.6018
-1.6002
-1.5973
-1.5963
-1.5939
-1.5915
-1.5909
-1.5879
-1.5861
-1.5853
-1.5822
-1.5808
-1.5794
-1.5768
-1.576
-1.5739
-1.5717
-1.5714
-1.5686
-1.5669
-1.5665
-1.5637
-1.5626
-1.5615
-1.559
-1.5585
-1.5568
-1.5549
-1.5547
-1.5523
-1.551
-1.5509
-1.5483
-1.5474
-1.5467
-1.5446
-1.5443
-1.543
-1.5413
-1.5415
-1.5396
-1.5385
-1.5388
-1.5365
-1.5361
-1.5358
-1.5339
-1.5339
-1.5331
-1.5318
-1.5323
-1.5307
-1.53
-1.5308
-1.5289
-1.5288
-1.5289
-1.5275
-1.5279
-1.5275
-1.5266
-1.5275
-1.5264
-1.526
-1.5273
-1.5258
-1.526
-1.5267
-1.5257
-1.5265
-1.5266
-1.5261
-1.5274
-1.5269
-1.527
-1.5288
-1.5277
-1.5284
-1.5297
-1.5292
-1.5304
-1.531
-1.5309
-1.5328
-1.5329
-1.5334
-1.5357
-1.5352
-1.5364
-1.5382
-1.5382
-1.5399
-1.5411
-1.5417
-1.544
-1.5447
-1.5458
-1.5486
-1.5487
-1.5505
-1.5529
-1.5534
-1.5557
-1.5576
-1.5587
-1.5616
-1.5629
-1.5647
-1.5681
-1.5688
-1.5711
-1.5743
-1.5754
-1.5783
-1.5809
-1.5826
-1.5862
-1.5882
-1.5906
-1.5947
-1.5962
-1.5992
-1.6031
-1.6048
-1.6085
-1.6119
-1.6143
-1.6185
-1.6213
-1.6244
-1.6293
-1.6316
-1.6353
-1.6401
-1.6425
-1.6469
-1.6512
-1.6543
-1.6594
-1.6632
-1.667
-1.6728
-1.676
-1.6805
-1.6863
-1.6896
-1.695
-1.7002
-1.7042
-1.7103
-1.7151
-1.7198
-1.7266
-1.7309
-1.7365
-1.7435
-1.7477
-1.7541
-1.7607
-1.7658
-1.773
-1.7791
-1.785
-1.7931
-1.7986
-1.8055
-1.814
-1.8195
-1.8273
-1.8353
-1.8418
-1.8506
-1.8582
-1.8656
-1.8754
-1.8826
-1.8912
-1.9016
-1.9208
-1.9086
-1.9218
-1.9746
-1.9243
-1.92
-2.0586
-1.9506
-1.8587
-2.1973
-2.0268
-1.6321
-2.4927
-2.4004
0.92104
3.818
3.6043
3.0633
3.3172
3.2371
3.4507
3.2396
1.2088
1.1326
1.2566
1.0696
1.1215
1.1864
1.1242
1.1312
1.1669
1.1455
1.1434
1.1608
1.1562
1.1545
1.1617
1.1624
1.1631
1.1655
1.1674
1.1687
1.1713
1.1725
1.1739
1.1766
1.1771
1.1787
1.1809
1.1815
1.1834
1.1851
1.186
1.1883
1.1894
1.1907
1.1935
1.1942
1.196
1.1986
1.1995
1.2019
1.2041
1.2055
1.2084
1.2103
1.2124
1.2158
1.2173
1.2199
1.2232
1.2248
1.2279
1.2307
1.2327
1.2362
1.2385
1.2409
1.2445
1.2462
1.2488
1.2523
1.2539
1.2568
1.2595
1.2613
1.2646
1.2667
1.2688
1.2723
1.2739
1.2764
1.2798
1.2813
1.2843
1.2872
1.2891
1.2926
1.2951
1.2976
1.3016
1.3036
1.3067
1.3109
1.313
1.3166
1.3204
1.3229
1.327
1.3302
1.3333
1.3377
1.3403
1.3437
1.3481
1.3502
1.3538
1.3574
1.3597
1.3634
1.366
1.3683
1.3721
1.3738
1.3762
1.3798
1.3809
1.3833
1.3859
1.3871
1.3899
1.3918
1.3933
1.3965
1.3979
1.4
1.4036
1.4049
1.408
1.4115
1.4138
1.418
1.4217
1.4253
1.431
1.4351
1.4402
1.4474
1.4522
1.4591
1.4668
1.4733
1.4819
1.4902
1.4983
1.5086
1.5172
1.5266
1.538
1.5466
1.5571
1.5681
1.5772
1.5882
1.5983
1.6076
1.6184
1.6269
1.6357
1.6459
1.6526
1.6605
1.6684
1.6738
1.6805
1.6859
1.6899
1.6951
1.6979
1.7005
1.7043
1.7046
1.7058
1.7073
1.7061
1.7062
1.7053
1.703
1.7021
1.6994
1.6964
1.6951
1.6907
1.6876
1.6853
1.6805
1.6774
1.6739
1.6692
1.6664
1.6621
1.6578
1.6555
1.6505
1.6468
1.6443
1.6394
1.6365
1.6335
1.6293
1.6273
1.6239
1.6207
1.6195
1.6158
1.6135
1.6127
1.6094
1.6082
1.6071
1.6049
1.6049
1.604
1.6034
1.6053
1.6051
1.6069
1.6108
1.613
1.6182
1.6245
1.6308
1.6406
1.6504
1.6618
1.6769
1.6911
1.7083
1.7283
1.747
1.7684
1.7906
1.8112
1.8322
1.8505
1.8651
1.8767
1.8811
1.878
1.8667
1.8427
1.8056
1.7543
1.6852
1.5995
1.4969
1.3759
1.2399
1.0899
0.92814
0.76073
0.5889
0.41736
0.25189
0.09343
-0.053513
-0.18624
-0.30564
-0.41112
-0.50594
-0.58943
-0.65816
-0.71495
-0.75821
-0.78704
-0.80401
-0.80926
-0.80479
-0.79076
-0.76638
-0.73399
-0.69252
-0.64139
-0.58118
-0.51079
-0.43263
-0.34658
-0.25286
-0.15408
-0.048876
0.06177
0.17737
0.30111
0.42939
0.55878
0.68992
0.81681
0.93429
1.0406
1.1335
1.2147
1.2849
1.3448
1.3988
1.4479
1.4921
1.535
1.5748
1.611
1.6453
1.6753
1.7001
1.7198
1.7323
1.7415
1.7496
1.753
1.7562
1.7589
1.7586
1.7597
1.76
1.7587
1.7587
1.7569
1.7547
1.7537
1.7492
1.7457
1.7426
1.7368
1.7322
1.7267
1.7193
1.7127
1.7036
1.6937
1.6847
1.6725
1.6608
1.6496
1.634
1.6176
1.5989
1.5772
1.5557
1.5322
1.5078
1.4845
1.4586
1.4338
1.4113
1.3877
1.3662
1.3448
1.3211
1.2976
1.2721
1.2444
1.2164
1.1857
1.1559
1.1279
1.0982
1.0703
1.0446
1.0197
0.99705
0.9735
0.94845
0.92402
0.89887
0.87538
0.85485
0.83495
0.81718
0.79999
0.78046
0.75932
0.73582
0.709
0.67923
0.64541
0.60863
0.57068
0.53054
0.48869
0.44514
0.39729
0.34461
0.28733
0.22428
0.15755
0.088751
0.01726
-0.054522
-0.1264
-0.2012
-0.27838
-0.35747
-0.43724
-0.51561
-0.59357
-0.66995
-0.74316
-0.81493
-0.88383
-0.94828
-1.0098
-1.0665
-1.1189
-1.1681
-1.2116
-1.2496
-1.2825
-1.3087
-1.3304
-1.348
-1.3596
-1.3683
-1.3734
-1.3742
-1.3735
-1.3699
-1.364
-1.3577
-1.349
-1.3398
-1.3313
-1.3204
-1.3105
-1.3012
-1.2904
-1.281
-1.2714
-1.2612
-1.2527
-1.2431
-1.234
-1.2268
-1.2176
-1.21
-1.2035
-1.1958
-1.19
-1.1843
-1.1783
-1.1743
-1.1696
-1.1654
-1.1632
-1.1594
-1.1573
-1.1563
-1.1542
-1.1539
-1.1539
-1.1536
-1.1553
-1.1563
-1.1579
-1.1614
-1.1632
-1.1664
-1.1709
-1.1739
-1.1786
-1.1834
-1.1876
-1.1934
-1.1982
-1.2032
-1.2096
-1.214
-1.2192
-1.2251
-1.229
-1.234
-1.2386
-1.242
-1.2465
-1.2495
-1.252
-1.2555
-1.2567
-1.2581
-1.2599
-1.2594
-1.2597
-1.2594
-1.2576
-1.2568
-1.2545
-1.2517
-1.25
-1.246
-1.2426
-1.2399
-1.235
-1.2313
-1.2277
-1.2229
-1.2194
-1.2151
-1.2106
-1.2076
-1.203
-1.1991
-1.1965
-1.1921
-1.189
-1.1864
-1.1828
-1.1807
-1.1782
-1.1755
-1.1744
-1.1718
-1.17
-1.1695
-1.167
-1.166
-1.1653
-1.1635
-1.163
-1.162
-1.1608
-1.1609
-1.1594
-1.1586
-1.159
-1.1573
-1.1569
-1.1569
-1.1556
-1.1556
-1.1549
-1.154
-1.1544
-1.1533
-1.1527
-1.1534
-1.1519
-1.1517
-1.152
-1.151
-1.1512
-1.151
-1.1503
-1.151
-1.1504
-1.1502
-1.1513
-1.1502
-1.1504
-1.1511
-1.1504
-1.151
-1.1513
-1.1509
-1.1519
-1.1516
-1.1516
-1.1528
-1.152
-1.1525
-1.1533
-1.1527
-1.1533
-1.1537
-1.1533
-1.1543
-1.154
-1.154
-1.1552
-1.1545
-1.1548
-1.1557
-1.155
-1.1556
-1.1559
-1.1555
-1.1565
-1.1563
-1.1563
-1.1575
-1.1568
-1.1571
-1.1581
-1.1574
-1.1581
-1.1586
-1.1583
-1.1594
-1.1593
-1.1593
-1.1607
-1.1601
-1.1604
-1.1616
-1.1611
-1.1618
-1.1623
-1.1621
-1.1632
-1.1632
-1.1633
-1.1646
-1.1642
-1.1645
-1.1658
-1.1652
-1.1659
-1.1666
-1.1663
-1.1673
-1.1674
-1.1675
-1.1688
-1.1684
-1.1687
-1.17
-1.1694
-1.1701
-1.1708
-1.1704
-1.1714
-1.1716
-1.1715
-1.1728
-1.1723
-1.1726
-1.1738
-1.1731
-1.1738
-1.1744
-1.174
-1.175
-1.1751
-1.175
-1.1763
-1.1758
-1.1759
-1.1772
-1.1764
-1.1769
-1.1776
-1.1771
-1.1779
-1.178
-1.1779
-1.179
-1.1785
-1.1786
-1.1799
-1.1791
-1.1795
-1.1801
-1.1795
-1.1803
-1.1804
-1.1801
-1.1811
-1.1806
-1.1806
-1.1818
-1.1807
-1.181
-1.1816
-1.1808
-1.1814
-1.1814
-1.1808
-1.1816
-1.181
-1.1807
-1.1816
-1.1803
-1.1803
-1.1806
-1.1794
-1.1796
-1.1792
-1.1783
-1.1786
-1.1775
-1.1767
-1.1772
-1.1754
-1.1748
-1.1746
-1.1728
-1.1723
-1.1712
-1.1696
-1.1692
-1.1674
-1.1659
-1.1656
-1.1631
-1.1616
-1.1607
-1.1582
-1.1569
-1.1552
-1.1527
-1.1515
-1.149
-1.1467
-1.1455
-1.1422
-1.1399
-1.1382
-1.1348
-1.1326
-1.13
-1.1265
-1.1243
-1.1209
-1.1174
-1.1151
-1.1108
-1.1072
-1.1041
-1.0993
-1.0955
-1.0913
-1.0861
-1.0819
-1.0765
-1.0707
-1.0659
-1.059
-1.0525
-1.0463
-1.0381
-1.0304
-1.0221
-1.0125
-1.0034
-0.99298
-0.98174
-0.97087
-0.95795
-0.94478
-0.93157
-0.91622
-0.90086
-0.8848
-0.86696
-0.84901
-0.82976
-0.80925
-0.78862
-0.76612
-0.74276
-0.71909
-0.69332
-0.66686
-0.6396
-0.61038
-0.58038
-0.54911
-0.51605
-0.48226
-0.44684
-0.4099
-0.37231
-0.33292
-0.29234
-0.25119
-0.20852
-0.16516
-0.12155
-0.077022
-0.032558
0.011696
0.056194
0.099902
0.14302
0.18574
0.2271
0.26767
0.30734
0.34525
0.38224
0.41798
0.45171
0.48455
0.51593
0.54528
0.57382
0.60067
0.62591
0.65038
0.67299
0.69444
0.71515
0.7338
0.75182
0.76921
0.78442
0.79954
0.81375
0.82644
0.83919
0.85068
0.86131
0.87211
0.88126
0.89022
0.89941
0.9065
0.91407
0.92136
0.92726
0.93379
0.93953
0.94461
0.9504
0.95483
0.95932
0.96456
0.96784
0.97193
0.97615
0.97902
0.9828
0.98607
0.98875
0.99242
0.9949
0.99756
1.0012
1.003
1.0058
1.0089
1.0107
1.0135
1.0161
1.018
1.021
1.023
1.0251
1.0283
1.0297
1.0321
1.0349
1.0363
1.039
1.0412
1.0429
1.0457
1.0475
1.0494
1.0523
1.0535
1.0556
1.0582
1.0593
1.0616
1.0637
1.0649
1.0673
1.0688
1.0702
1.0728
1.0736
1.0753
1.0775
1.0781
1.0799
1.0815
1.0823
1.0842
1.0852
1.0862
1.0882
1.0885
1.0896
1.0915
1.0916
1.0928
1.094
1.0942
1.0957
1.0962
1.0966
1.0982
1.0982
1.0988
1.1003
1.0999
1.1007
1.1016
1.1014
1.1025
1.1029
1.1029
1.1043
1.1041
1.1045
1.1057
1.1052
1.1059
1.1067
1.1065
1.1075
1.1078
1.1078
1.109
1.1088
1.1092
1.1106
1.1101
1.1108
1.1117
1.1113
1.1124
1.1128
1.1128
1.1141
1.114
1.1144
1.1158
1.1153
1.116
1.1169
1.1166
1.1176
1.1179
1.1179
1.1192
1.1191
1.1193
1.1207
1.1201
1.1206
1.1215
1.1211
1.122
1.1223
1.1221
1.1232
1.1229
1.1231
1.1244
1.1237
1.1241
1.1249
1.1243
1.1249
1.1252
1.125
1.1259
1.1255
1.1255
1.1266
1.1257
1.126
1.1266
1.1259
1.1264
1.1265
1.126
1.1267
1.1263
1.126
1.127
1.126
1.126
1.1265
1.1255
1.1258
1.1257
1.1249
1.1254
1.1248
1.1243
1.1249
1.1237
1.1235
1.1238
1.1226
1.1226
1.1223
1.1213
1.1215
1.1207
1.1199
1.1204
1.119
1.1185
1.1187
1.1172
1.117
1.1166
1.1155
1.1155
1.1146
1.1136
1.1139
1.1124
1.1117
1.1119
1.1103
1.1099
1.1094
1.1081
1.108
1.107
1.1058
1.1059
1.1042
1.1033
1.1032
1.1014
1.1007
1.1
1.0983
1.0977
1.0964
1.0949
1.0945
1.0924
1.0911
1.0906
1.0882
1.0868
1.0856
1.0833
1.0822
1.0802
1.078
1.0769
1.0742
1.072
1.0707
1.0675
1.0654
1.0634
1.0601
1.058
1.0552
1.052
1.0499
1.0463
1.0431
1.0408
1.0366
1.0334
1.0303
1.0261
1.0228
1.019
1.0146
1.0113
1.0066
1.0022
0.99868
0.99327
0.98877
0.98448
0.97894
0.97434
0.96921
0.96352
0.9588
0.95284
0.94704
0.94218
0.93547
0.92959
0.92395
0.91705
0.91103
0.90457
0.89751
0.89133
0.88404
0.87679
0.8704
0.8623
0.85487
0.84773
0.83936
0.83173
0.82377
0.81514
0.80728
0.79843
0.78947
0.78122
0.77142
0.76208
0.75299
0.74269
0.73294
0.72288
0.71207
0.70181
0.69071
0.67933
0.6685
0.65631
0.64429
0.63246
0.61941
0.60663
0.59359
0.57974
0.56625
0.55209
0.5375
0.52327
0.50796
0.49262
0.47744
0.46123
0.4451
0.42882
0.41177
0.39489
0.37758
0.35979
0.34217
0.3238
0.30518
0.2867
0.26754
0.24834
0.22918
0.20948
0.18987
0.17019
0.15016
0.13033
0.11033
0.090147
0.070227
0.050118
0.029987
0.01016
-0.0098012
-0.029649
-0.049148
-0.068731
-0.088078
-0.10704
-0.12604
-0.14467
-0.16294
-0.18121
-0.19894
-0.21639
-0.23372
-0.25039
-0.26693
-0.28333
-0.29898
-0.31463
-0.33001
-0.34461
-0.35932
-0.37353
-0.38721
-0.40096
-0.41399
-0.4268
-0.43966
-0.45159
-0.46359
-0.47554
-0.48647
-0.4977
-0.50859
-0.51884
-0.52939
-0.53925
-0.54884
-0.5587
-0.56756
-0.57654
-0.58573
-0.59372
-0.60216
-0.6104
-0.61785
-0.62578
-0.63308
-0.64005
-0.64747
-0.65383
-0.66031
-0.66718
-0.67267
-0.67872
-0.68467
-0.68971
-0.69533
-0.70037
-0.70502
-0.71024
-0.71441
-0.71871
-0.72358
-0.72696
-0.731
-0.73509
-0.7382
-0.74198
-0.74528
-0.74814
-0.75169
-0.75423
-0.75689
-0.76022
-0.76206
-0.76457
-0.76726
-0.7689
-0.77132
-0.77334
-0.77489
-0.7772
-0.77858
-0.78005
-0.78226
-0.783
-0.78443
-0.78614
-0.78673
-0.78814
-0.78924
-0.78982
-0.79122
-0.79174
-0.79233
-0.79372
-0.79369
-0.79431
-0.79529
-0.79512
-0.79579
-0.79623
-0.79609
-0.7968
-0.79671
-0.79664
-0.79739
-0.79678
-0.79679
-0.79723
-0.79648
-0.79658
-0.79653
-0.79586
-0.79606
-0.79551
-0.79495
-0.79523
-0.79421
-0.79376
-0.79381
-0.79263
-0.7923
-0.79188
-0.79079
-0.79057
-0.78968
-0.78871
-0.78861
-0.78726
-0.78644
-0.78618
-0.78466
-0.78398
-0.78328
-0.78187
-0.78132
-0.78017
-0.77889
-0.77848
-0.77688
-0.77576
-0.77524
-0.77344
-0.77247
-0.77153
-0.76985
-0.76902
-0.76764
-0.76611
-0.76542
-0.76363
-0.76224
-0.76152
-0.75949
-0.75827
-0.75714
-0.75524
-0.75417
-0.75263
-0.75088
-0.74996
-0.74801
-0.74641
-0.7455
-0.74327
-0.74184
-0.74054
-0.73845
-0.73718
-0.73548
-0.73354
-0.73241
-0.73033
-0.72854
-0.72747
-0.72508
-0.72345
-0.722
-0.71974
-0.71828
-0.71646
-0.71434
-0.71303
-0.71082
-0.70886
-0.70764
-0.7051
-0.7033
-0.70172
-0.6993
-0.69766
-0.69571
-0.69343
-0.69193
-0.68961
-0.68748
-0.68611
-0.68343
-0.68146
-0.67975
-0.67718
-0.67535
-0.67328
-0.67084
-0.66916
-0.66673
-0.66444
-0.66288
-0.6601
-0.65794
-0.65609
-0.65338
-0.65137
-0.64917
-0.64657
-0.64471
-0.64216
-0.6397
-0.63795
-0.63507
-0.63275
-0.63076
-0.62788
-0.62569
-0.62336
-0.6206
-0.61854
-0.61587
-0.61324
-0.61129
-0.6083
-0.60581
-0.60367
-0.60065
-0.59829
-0.59584
-0.59293
-0.59068
-0.58788
-0.58508
-0.58294
-0.57984
-0.57717
-0.57488
-0.57173
-0.56919
-0.5666
-0.56354
-0.56113
-0.55823
-0.55529
-0.55298
-0.5498
-0.54698
-0.54457
-0.5413
-0.53861
-0.53591
-0.53274
-0.53016
-0.52717
-0.52411
-0.52164
-0.51837
-0.51542
-0.5129
-0.50954
-0.50672
-0.50395
-0.50069
-0.49799
-0.49496
-0.49181
-0.48922
-0.48592
-0.48289
-0.48028
-0.47686
-0.47395
-0.47112
-0.46781
-0.46503
-0.46196
-0.45877
-0.45612
-0.45284
-0.44977
-0.44713
-0.44373
-0.4408
-0.43795
-0.43465
-0.43186
-0.42883
-0.42566
-0.42299
-0.41977
-0.41673
-0.41413
-0.41079
-0.4079
-0.40513
-0.4019
-0.39915
-0.39621
-0.39311
-0.39049
-0.38739
-0.38444
-0.38192
-0.37871
-0.37591
-0.37325
-0.37016
-0.36751
-0.36472
-0.36176
-0.35924
-0.35631
-0.3535
-0.35111
-0.34808
-0.34542
-0.34292
-0.34001
-0.3375
-0.33489
-0.33211
-0.32975
-0.32703
-0.3244
-0.32217
-0.31935
-0.31687
-0.31455
-0.31184
-0.30951
-0.30711
-0.30454
-0.30235
-0.29986
-0.29744
-0.29538
-0.29281
-0.29052
-0.2884
-0.28591
-0.28377
-0.28158
-0.27921
-0.27719
-0.27492
-0.2727
-0.27081
-0.26847
-0.26638
-0.26446
-0.26219
-0.26022
-0.25823
-0.25607
-0.25422
-0.25215
-0.2501
-0.24835
-0.24621
-0.24427
-0.24253
-0.24043
-0.23861
-0.23679
-0.23479
-0.23307
-0.23116
-0.22926
-0.22763
-0.22565
-0.22383
-0.22219
-0.22022
-0.21849
-0.21677
-0.21487
-0.21323
-0.21143
-0.2096
-0.20803
-0.20614
-0.2044
-0.20282
-0.20092
-0.19925
-0.19759
-0.19576
-0.19415
-0.19241
-0.19064
-0.18908
-0.18725
-0.18553
-0.18398
-0.18213
-0.18046
-0.17884
-0.17704
-0.17543
-0.17372
-0.17196
-0.17041
-0.16861
-0.16691
-0.16537
-0.16354
-0.16188
-0.16026
-0.15847
-0.15686
-0.15517
-0.15343
-0.15187
-0.1501
-0.1484
-0.14685
-0.14504
-0.14338
-0.14175
-0.13996
-0.13833
-0.13664
-0.13487
-0.13326
-0.13149
-0.12976
-0.12816
-0.12633
-0.12462
-0.12296
-0.12115
-0.11947
-0.11773
-0.11593
-0.11427
-0.11247
-0.1107
-0.10904
-0.10718
-0.10541
-0.10369
-0.10183
-0.10006
-0.098267
-0.096406
-0.094652
-0.092793
-0.090937
-0.089189
-0.087266
-0.085413
-0.083604
-0.081671
-0.079813
-0.077939
-0.075997
-0.074136
-0.072196
-0.070242
-0.068368
-0.066362
-0.064394
-0.062465
-0.060434
-0.058452
-0.056465
-0.054413
-0.052413
-0.050362
-0.048282
-0.046255
-0.044138
-0.042027
-0.039946
-0.037785
-0.035641
-0.033499
-0.031297
-0.029118
-0.026917
-0.024676
-0.02246
-0.020198
-0.017914
-0.015648
-0.013332
-0.010999
-0.008678
-0.0063088
-0.0039295
-0.0015547
0.00086784
0.0032939
0.0057202
0.0081955
0.010665
0.013147
0.015676
0.018187
0.020728
0.023311
0.02586
0.028461
0.031096
0.033686
0.036348
0.039021
0.041662
0.044384
0.047082
0.049784
0.052558
0.055269
0.058024
0.060839
0.063555
0.066355
0.069172
0.071887
0.074703
0.077493
0.080257
0.08313
0.085922
0.088754
0.091687
0.09448
0.097362
0.10026
0.10297
0.10579
0.10859
0.11135
0.11426
0.1171
0.11998
0.123
0.12584
0.12878
0.1318
0.13456
0.13748
0.14034
0.14306
0.14591
0.14862
0.15131
0.15416
0.15678
0.15951
0.16235
0.1649
0.16765
0.17039
0.17299
0.17581
0.17849
0.18117
0.18407
0.18673
0.18953
0.1925
0.19515
0.19803
0.20094
0.20367
0.20665
0.20949
0.2123
0.21536
0.21814
0.22106
0.2242
0.22693
0.22993
0.23296
0.23573
0.23878
0.24169
0.24452
0.24762
0.25041
0.25334
0.25653
0.25924
0.26226
0.26534
0.26811
0.27119
0.27412
0.27694
0.28005
0.28282
0.2857
0.28886
0.29149
0.29443
0.29747
0.30013
0.30314
0.306
0.30871
0.31176
0.31444
0.31722
0.32031
0.32281
0.32564
0.3286
0.33111
0.33398
0.33673
0.33928
0.34219
0.34472
0.34731
0.35025
0.35258
0.35522
0.35801
0.3603
0.36299
0.36555
0.36788
0.3706
0.37292
0.37528
0.37802
0.38009
0.38248
0.38507
0.38707
0.3895
0.39182
0.39385
0.39631
0.39839
0.40046
0.40294
0.40475
0.40686
0.4092
0.4109
0.41305
0.41512
0.41685
0.41902
0.42081
0.42256
0.42476
0.42627
0.42807
0.43013
0.4315
0.43333
0.43512
0.43652
0.43838
0.43987
0.44129
0.44317
0.44436
0.44582
0.44759
0.44862
0.4501
0.45157
0.45261
0.45414
0.4553
0.45637
0.45792
0.45878
0.45988
0.46135
0.462
0.46314
0.4643
0.46496
0.46612
0.46695
0.46763
0.4688
0.46931
0.47002
0.47114
0.4714
0.47215
0.47296
0.47323
0.47401
0.47448
0.47478
0.47556
0.47571
0.47603
0.47679
0.47664
0.47698
0.47742
0.47729
0.47766
0.47777
0.47766
0.47804
0.47781
0.47773
0.47812
0.47757
0.47751
0.47759
0.47706
0.47703
0.47677
0.47626
0.47626
0.47567
0.4752
0.4752
0.47428
0.47383
0.47354
0.47262
0.4722
0.47159
0.47069
0.47031
0.46939
0.46855
0.46819
0.46697
0.46616
0.46555
0.4643
0.46354
0.46262
0.4614
0.46068
0.45946
0.45829
0.4576
0.4561
0.45498
0.45408
0.45253
0.45146
0.45029
0.44878
0.44777
0.44632
0.44487
0.4439
0.44217
0.44079
0.43966
0.43788
0.43656
0.43516
0.43343
0.43218
0.43053
0.42886
0.42766
0.42576
0.42417
0.42285
0.42089
0.41937
0.41782
0.41592
0.41447
0.41267
0.41083
0.40945
0.40743
0.40567
0.4042
0.40208
0.4004
0.39871
0.39666
0.39504
0.39313
0.39115
0.3896
0.38747
0.38555
0.38394
0.38171
0.37987
0.37806
0.37587
0.37411
0.37208
0.36996
0.36827
0.36603
0.36399
0.36226
0.35991
0.35792
0.35598
0.35367
0.35175
0.3496
0.34734
0.34546
0.34309
0.34088
0.33898
0.33648
0.33432
0.33222
0.32975
0.32763
0.32532
0.32288
0.32079
0.31826
0.31583
0.31371
0.31101
0.30861
0.30628
0.30358
0.30118
0.29864
0.29594
0.29356
0.2908
0.2881
0.2857
0.28273
0.28002
0.27739
0.27441
0.27171
0.26888
0.26587
0.26314
0.26009
0.25705
0.25429
0.25103
0.24797
0.24501
0.24171
0.23865
0.23551
0.23219
0.22911
0.22578
0.22244
0.21933
0.2158
0.21244
0.20918
0.2056
0.20221
0.19878
0.19517
0.19178
0.18819
0.18458
0.18117
0.17744
0.17381
0.17029
0.16651
0.16287
0.15922
0.15541
0.15177
0.14799
0.14417
0.14051
0.13661
0.13277
0.12903
0.12506
0.12118
0.1173
0.11328
0.10936
0.10537
0.1013
0.097329
0.093192
0.089058
0.08499
0.08075
0.076538
0.072333
0.067992
0.063685
0.059327
0.054869
0.050452
0.045938
0.041362
0.036816
0.032157
0.027451
0.022752
0.017933
0.013077
0.0082181
0.0032502
-0.0017353
-0.0067337
-0.011835
-0.016929
-0.022043
-0.027241
-0.032397
-0.037596
-0.042856
-0.048032
-0.053274
-0.058553
-0.06372
-0.06898
-0.074227
-0.079356
-0.084581
-0.089715
-0.094787
-0.099935
-0.10492
-0.10992
-0.11498
-0.1198
-0.12472
-0.12966
-0.13436
-0.13919
-0.14393
-0.14854
-0.15328
-0.15782
-0.16235
-0.16701
-0.17137
-0.17585
-0.18041
-0.18464
-0.18907
-0.19344
-0.19765
-0.20207
-0.2063
-0.21051
-0.21493
-0.21901
-0.22323
-0.2276
-0.23154
-0.23575
-0.23996
-0.24392
-0.24814
-0.25219
-0.25619
-0.26044
-0.26434
-0.26837
-0.27264
-0.27639
-0.28046
-0.28455
-0.28833
-0.29243
-0.29633
-0.30015
-0.30428
-0.308
-0.31186
-0.31601
-0.31954
-0.32343
-0.32737
-0.33093
-0.33485
-0.33857
-0.34217
-0.34613
-0.34965
-0.35328
-0.35725
-0.36055
-0.36422
-0.368
-0.37131
-0.37502
-0.37854
-0.38187
-0.3856
-0.38885
-0.3922
-0.39593
-0.39893
-0.40231
-0.40582
-0.40879
-0.4122
-0.41543
-0.41841
-0.42184
-0.4248
-0.42781
-0.43125
-0.43391
-0.43696
-0.4402
-0.44281
-0.4459
-0.44885
-0.4515
-0.45464
-0.4573
-0.46
-0.46316
-0.46555
-0.46832
-0.47132
-0.47362
-0.47643
-0.47912
-0.48146
-0.48432
-0.48671
-0.4891
-0.49201
-0.49413
-0.49663
-0.4994
-0.5014
-0.50395
-0.50643
-0.50853
-0.5112
-0.51342
-0.51562
-0.51837
-0.52031
-0.52262
-0.52529
-0.5271
-0.5295
-0.53185
-0.53373
-0.53619
-0.53822
-0.54019
-0.54275
-0.5445
-0.54661
-0.54912
-0.55069
-0.55284
-0.55498
-0.55658
-0.55877
-0.56053
-0.56218
-0.56439
-0.56577
-0.56744
-0.56956
-0.57067
-0.57238
-0.57409
-0.57519
-0.57689
-0.57817
-0.57928
-0.58099
-0.58188
-0.58304
-0.5847
-0.58526
-0.58639
-0.58755
-0.58802
-0.58911
-0.58982
-0.59033
-0.59145
-0.59179
-0.59237
-0.5935
-0.5935
-0.59408
-0.59476
-0.59471
-0.59528
-0.59553
-0.59553
-0.59619
-0.5961
-0.5962
-0.59692
-0.59649
-0.59667
-0.59701
-0.59661
-0.59686
-0.59682
-0.59649
-0.59682
-0.59644
-0.5962
-0.59658
-0.59585
-0.59571
-0.59579
-0.5951
-0.59508
-0.59482
-0.59424
-0.59432
-0.59375
-0.5933
-0.5935
-0.59261
-0.5923
-0.59225
-0.59141
-0.59123
-0.59087
-0.59016
-0.59011
-0.58945
-0.58889
-0.58899
-0.58806
-0.58765
-0.58755
-0.58662
-0.58635
-0.58594
-0.58515
-0.58503
-0.58434
-0.58369
-0.58369
-0.58272
-0.58222
-0.58206
-0.58105
-0.5807
-0.58024
-0.57936
-0.57914
-0.57839
-0.57766
-0.57757
-0.57654
-0.57594
-0.57571
-0.57461
-0.57413
-0.5736
-0.57262
-0.57227
-0.57142
-0.57054
-0.5703
-0.56914
-0.56838
-0.56803
-0.56677
-0.56613
-0.56548
-0.56433
-0.56378
-0.56279
-0.56171
-0.56125
-0.55993
-0.55895
-0.5584
-0.55693
-0.55603
-0.55514
-0.55372
-0.5529
-0.55166
-0.5503
-0.54954
-0.54797
-0.54667
-0.54581
-0.54402
-0.54278
-0.54157
-0.53982
-0.53864
-0.5371
-0.5354
-0.53427
-0.53239
-0.53074
-0.52954
-0.5274
-0.52578
-0.52421
-0.52204
-0.52042
-0.51847
-0.51632
-0.51474
-0.51246
-0.51036
-0.50871
-0.50611
-0.504
-0.502
-0.49942
-0.49735
-0.495
-0.49242
-0.49037
-0.48767
-0.48509
-0.48298
-0.47995
-0.47735
-0.47488
-0.47181
-0.46923
-0.46642
-0.46335
-0.46076
-0.45761
-0.45455
-0.45195
-0.44847
-0.4454
-0.44249
-0.43899
-0.43593
-0.4327
-0.42918
-0.42611
-0.42253
-0.419
-0.4159
-0.41199
-0.40841
-0.40501
-0.40102
-0.39743
-0.39371
-0.38972
-0.38615
-0.38216
-0.37817
-0.37459
-0.3703
-0.36628
-0.36244
-0.35807
-0.35404
-0.34994
-0.34555
-0.34152
-0.33715
-0.33274
-0.32869
-0.32405
-0.31965
-0.31545
-0.31076
-0.30636
-0.30194
-0.29723
-0.29284
-0.2882
-0.28351
-0.27914
-0.2743
-0.26961
-0.26512
-0.26021
-0.25555
-0.2509
-0.246
-0.24137
-0.23656
-0.23167
-0.22706
-0.22209
-0.21723
-0.21256
-0.20753
-0.2027
-0.19792
-0.19291
-0.18813
-0.18324
-0.17828
-0.17354
-0.16856
-0.16363
-0.15887
-0.15385
-0.14897
-0.14416
-0.13918
-0.13436
-0.12949
-0.12456
-0.1198
-0.11489
-0.11001
-0.10529
-0.1004
-0.09559
-0.090864
-0.086018
-0.08128
-0.076551
-0.071765
-0.067102
-0.06238
-0.057654
-0.053046
-0.048348
-0.043692
-0.039122
-0.034491
-0.029915
-0.025385
-0.02081
-0.016305
-0.011825
-0.007322
-0.002901
0.0015111
0.005928
0.010264
0.014606
0.018941
0.02319
0.027461
0.031709
0.035861
0.040055
0.044221
0.04829
0.052412
0.056467
0.06047
0.064516
0.06845
0.07237
0.076313
0.080103
0.083945
0.087809
0.091488
0.095268
0.099003
0.10263
0.10636
0.10997
0.11355
0.11721
0.12069
0.12423
0.12785
0.13121
0.13471
0.1382
0.14153
0.14499
0.14832
0.15158
0.15497
0.15813
0.16135
0.1647
0.16773
0.17094
0.17418
0.17721
0.18042
0.18353
0.18655
0.18976
0.19272
0.19574
0.19893
0.20175
0.20476
0.20783
0.21062
0.21364
0.21654
0.21932
0.22232
0.22507
0.22786
0.23088
0.23348
0.2363
0.23919
0.24175
0.24458
0.24732
0.24992
0.25278
0.25537
0.25799
0.26085
0.26326
0.26588
0.26862
0.27096
0.2736
0.27615
0.27851
0.28118
0.28358
0.286
0.2887
0.29093
0.2934
0.29602
0.29819
0.30068
0.30311
0.3053
0.30783
0.31005
0.31228
0.31484
0.31687
0.31914
0.3216
0.32356
0.32587
0.32815
0.33015
0.33251
0.33459
0.33663
0.33902
0.34089
0.34298
0.34531
0.34707
0.34921
0.35133
0.35313
0.35531
0.35722
0.35908
0.36131
0.363
0.3649
0.3671
0.36865
0.37061
0.37258
0.37418
0.37619
0.37793
0.37959
0.38165
0.38317
0.38489
0.38694
0.38829
0.39006
0.39187
0.39327
0.39509
0.39666
0.39811
0.39998
0.4013
0.4028
0.40466
0.40578
0.40733
0.40895
0.4101
0.4117
0.41307
0.41427
0.41592
0.41702
0.41828
0.41994
0.4208
0.42211
0.42351
0.42439
0.42573
0.42686
0.42778
0.42915
0.42999
0.43095
0.43235
0.43293
0.43394
0.43508
0.43566
0.43671
0.43756
0.43816
0.43924
0.43979
0.44042
0.4415
0.44177
0.44244
0.44328
0.44352
0.44423
0.44476
0.44503
0.44577
0.44601
0.4463
0.44705
0.447
0.44731
0.44782
0.44769
0.44803
0.44824
0.44814
0.44851
0.4484
0.44831
0.44869
0.44827
0.4482
0.44836
0.44786
0.44782
0.44766
0.44715
0.44712
0.44666
0.44619
0.44617
0.44539
0.44493
0.44473
0.44383
0.44339
0.44287
0.44197
0.44153
0.4407
0.43982
0.43939
0.43826
0.4374
0.43684
0.43557
0.43474
0.43388
0.43261
0.43179
0.43062
0.42937
0.42857
0.4271
0.42588
0.42497
0.42336
0.42218
0.421
0.41941
0.41827
0.41681
0.41525
0.41414
0.4124
0.41088
0.40969
0.40778
0.40629
0.40484
0.40296
0.40152
0.3998
0.39797
0.39659
0.39464
0.39288
0.39147
0.38935
0.38762
0.38596
0.38387
0.38221
0.38032
0.37829
0.37668
0.37457
0.37259
0.37096
0.36864
0.3667
0.36486
0.36259
0.36071
0.35863
0.35639
0.35453
0.35223
0.35002
0.34818
0.34567
0.34351
0.34146
0.33899
0.33688
0.33463
0.33221
0.33014
0.32767
0.32527
0.32323
0.32056
0.3182
0.31597
0.31333
0.31102
0.30858
0.30595
0.30366
0.30101
0.2984
0.29612
0.29329
0.29071
0.28825
0.28542
0.28289
0.28029
0.2775
0.27504
0.27229
0.26956
0.26714
0.26423
0.26154
0.25899
0.25607
0.25343
0.25077
0.24792
0.24535
0.24255
0.23975
0.23724
0.23432
0.23156
0.22895
0.22598
0.22325
0.22054
0.21765
0.21504
0.21226
0.20946
0.2069
0.20401
0.20127
0.19868
0.19578
0.19309
0.19041
0.18756
0.18494
0.18219
0.17941
0.17687
0.17407
0.17139
0.16884
0.16602
0.16337
0.16075
0.15798
0.15539
0.15271
0.15
0.14747
0.1447
0.14198
0.1394
0.13659
0.13393
0.13132
0.12858
0.12601
0.12339
0.12076
0.11831
0.1157
0.11314
0.1107
0.10805
0.10552
0.10303
0.10043
0.097944
0.095435
0.092892
0.090478
0.08795
0.085446
0.08304
0.080478
0.077991
0.075557
0.073045
0.07064
0.068239
0.065806
0.063475
0.061086
0.058713
0.056427
0.054045
0.051718
0.049441
0.047102
0.044827
0.042564
0.040274
0.038055
0.035814
0.033574
0.031402
0.02918
0.026992
0.024856
0.022687
0.020556
0.018453
0.01633
0.014248
0.012167
0.01007
0.0080138
0.0059556
0.0039049
0.0018961
-0.00012043
-0.0021308
-0.0041072
-0.0060954
-0.0080707
-0.010011
-0.011963
-0.013892
-0.015783
-0.017699
-0.019595
-0.02148
-0.023388
-0.025255
-0.027122
-0.029005
-0.030832
-0.032687
-0.034555
-0.036346
-0.038173
-0.039981
-0.041742
-0.043553
-0.045328
-0.047101
-0.048918
-0.050663
-0.052439
-0.054257
-0.055973
-0.057757
-0.05954
-0.061242
-0.063019
-0.064767
-0.066506
-0.068325
-0.07006
-0.071822
-0.073643
-0.07533
-0.077094
-0.078868
-0.080528
-0.082278
-0.083983
-0.08565
-0.087423
-0.089108
-0.090826
-0.092636
-0.094296
-0.096059
-0.097867
-0.099543
-0.10134
-0.10309
-0.10478
-0.10658
-0.10826
-0.10996
-0.11177
-0.1134
-0.11513
-0.11694
-0.11856
-0.12034
-0.12209
-0.12376
-0.12558
-0.12727
-0.12897
-0.13081
-0.13244
-0.13417
-0.13598
-0.13759
-0.13936
-0.14112
-0.14276
-0.14458
-0.14626
-0.14795
-0.1498
-0.15142
-0.15316
-0.155
-0.15661
-0.1584
-0.16017
-0.16182
-0.16366
-0.16537
-0.16707
-0.16895
-0.1706
-0.17237
-0.17429
-0.17591
-0.17775
-0.17959
-0.18127
-0.18316
-0.18494
-0.1867
-0.18867
-0.19038
-0.19222
-0.19425
-0.19593
-0.19787
-0.19983
-0.2016
-0.20361
-0.2055
-0.20736
-0.20946
-0.21129
-0.21325
-0.21542
-0.21722
-0.21929
-0.22141
-0.22331
-0.22548
-0.22753
-0.22954
-0.23182
-0.2338
-0.23592
-0.23829
-0.24023
-0.24247
-0.24478
-0.24684
-0.2492
-0.25145
-0.25363
-0.2561
-0.25828
-0.26058
-0.26316
-0.26527
-0.26771
-0.27024
-0.27246
-0.27502
-0.27747
-0.27983
-0.28252
-0.28488
-0.28736
-0.29016
-0.29245
-0.29507
-0.29782
-0.30022
-0.30298
-0.30564
-0.30816
-0.31105
-0.3136
-0.31624
-0.31922
-0.32165
-0.32443
-0.32735
-0.32985
-0.33277
-0.33557
-0.3382
-0.34123
-0.3439
-0.34666
-0.3498
-0.35235
-0.35523
-0.3583
-0.36087
-0.36387
-0.36678
-0.36946
-0.37258
-0.37533
-0.37813
-0.38135
-0.38396
-0.3869
-0.39005
-0.39264
-0.3957
-0.39867
-0.40137
-0.40454
-0.40732
-0.41013
-0.4134
-0.41599
-0.41892
-0.42213
-0.42469
-0.42774
-0.43072
-0.43338
-0.43652
-0.43929
-0.44205
-0.44529
-0.44784
-0.45072
-0.45392
-0.4564
-0.45941
-0.46239
-0.46498
-0.4681
-0.47084
-0.47353
-0.47674
-0.47922
-0.48202
-0.4852
-0.48756
-0.49048
-0.49341
-0.49586
-0.49888
-0.50152
-0.50408
-0.5072
-0.5096
-0.51229
-0.51542
-0.51765
-0.52045
-0.52329
-0.5256
-0.5285
-0.53106
-0.53348
-0.53649
-0.53875
-0.5413
-0.54432
-0.54637
-0.54904
-0.55178
-0.55394
-0.55671
-0.55914
-0.5614
-0.56428
-0.56642
-0.56881
-0.57175
-0.57363
-0.57615
-0.57878
-0.58076
-0.58339
-0.58571
-0.5878
-0.59053
-0.59252
-0.59473
-0.59755
-0.59924
-0.60159
-0.6041
-0.6059
-0.60838
-0.61056
-0.61248
-0.61506
-0.61691
-0.61895
-0.62164
-0.62317
-0.62534
-0.62772
-0.6293
-0.6316
-0.63364
-0.63535
-0.63776
-0.63945
-0.64128
-0.64379
-0.64513
-0.64711
-0.64936
-0.65074
-0.65285
-0.65474
-0.65624
-0.65847
-0.66001
-0.66165
-0.66399
-0.66516
-0.66694
-0.66905
-0.67021
-0.67212
-0.67386
-0.67514
-0.67719
-0.67855
-0.67998
-0.68213
-0.68313
-0.68471
-0.68666
-0.68761
-0.68931
-0.69089
-0.69197
-0.69382
-0.69501
-0.69622
-0.69819
-0.69901
-0.70037
-0.70217
-0.7029
-0.7044
-0.70581
-0.70666
-0.70831
-0.70933
-0.71033
-0.71209
-0.71271
-0.71383
-0.71545
-0.71593
-0.71719
-0.71841
-0.71902
-0.72043
-0.72126
-0.72201
-0.72355
-0.72399
-0.72487
-0.72631
-0.72654
-0.72756
-0.72859
-0.72892
-0.73007
-0.73066
-0.73111
-0.73235
-0.73252
-0.7331
-0.73427
-0.73419
-0.73489
-0.73564
-0.73566
-0.73649
-0.7368
-0.73692
-0.73784
-0.73771
-0.73794
-0.73882
-0.73838
-0.73873
-0.73917
-0.73881
-0.73925
-0.73922
-0.73892
-0.73941
-0.73891
-0.73871
-0.73919
-0.73832
-0.73821
-0.73825
-0.73744
-0.73742
-0.73698
-0.73623
-0.73625
-0.73531
-0.73459
-0.7346
-0.73321
-0.73257
-0.7321
-0.73073
-0.73012
-0.72914
-0.72778
-0.72719
-0.72569
-0.72436
-0.72377
-0.72177
-0.72047
-0.71939
-0.71735
-0.71605
-0.71444
-0.71237
-0.71104
-0.70885
-0.70675
-0.70535
-0.70262
-0.70048
-0.69859
-0.69572
-0.69353
-0.69106
-0.68809
-0.68583
-0.68279
-0.67976
-0.6774
-0.67377
-0.67063
-0.66775
-0.66384
-0.66054
-0.65701
-0.65291
-0.64944
-0.64526
-0.64103
-0.6374
-0.63261
-0.62819
-0.62403
-0.61885
-0.6142
-0.60937
-0.60395
-0.59906
-0.59352
-0.5878
-0.5826
-0.57636
-0.57039
-0.56469
-0.55802
-0.55177
-0.54538
-0.53835
-0.53175
-0.52458
-0.51714
-0.5101
-0.50215
-0.49429
-0.48667
-0.47813
-0.46985
-0.46147
-0.45244
-0.44368
-0.43444
-0.42481
-0.41544
-0.40527
-0.39503
-0.38496
-0.37407
-0.36328
-0.35243
-0.34097
-0.32965
-0.31802
-0.30598
-0.29408
-0.28162
-0.26897
-0.25643
-0.24325
-0.23004
-0.21681
-0.20309
-0.18938
-0.17555
-0.16131
-0.14712
-0.1327
-0.11802
-0.10344
-0.088568
-0.07358
-0.058698
-0.043524
-0.028256
-0.013052
0.0024348
0.017946
0.033386
0.049073
0.064688
0.080226
0.095971
0.11153
0.12707
0.14272
0.15802
0.17341
0.18892
0.2041
0.21957
0.23506
0.25006
0.26535
0.28046
0.2953
0.31037
0.32499
0.33955
0.35427
0.36827
0.38236
0.39651
0.40976
0.42339
0.43684
0.44976
0.46308
0.47591
0.48855
0.50156
0.51378
0.52612
0.53867
0.54998
0.56164
0.57311
0.58381
0.59505
0.60585
0.61636
0.62732
0.63729
0.64734
0.65779
0.66685
0.67643
0.68604
0.69474
0.70415
0.71314
0.72172
0.73094
0.73917
0.74748
0.75639
0.76389
0.77209
0.7805
0.78781
0.79591
0.80363
0.81081
0.81875
0.82569
0.83265
0.84033
0.84651
0.85339
0.86059
0.86652
0.87336
0.87985
0.88569
0.8924
0.89812
0.90384
0.91041
0.91537
0.92103
0.92712
0.93176
0.93735
0.94266
0.94719
0.95267
0.95718
0.96161
0.96698
0.97072
0.97511
0.98005
0.98342
0.98777
0.99192
0.99521
0.9995
1.0028
1.0061
1.0104
1.013
1.0162
1.0201
1.0223
1.0256
1.0288
1.031
1.0343
1.0368
1.0391
1.0424
1.0442
1.0466
1.0498
1.0511
1.0536
1.0561
1.0575
1.0602
1.0621
1.0636
1.0664
1.0676
1.0694
1.0721
1.0729
1.0749
1.0769
1.0779
1.0801
1.0815
1.0827
1.0851
1.086
1.0873
1.0897
1.0902
1.0918
1.0936
1.0943
1.0962
1.0974
1.0982
1.1003
1.101
1.1021
1.1044
1.1046
1.106
1.1076
1.108
1.1096
1.1108
1.1114
1.1133
1.1138
1.1147
1.1169
1.1168
1.118
1.1196
1.1198
1.1213
1.1223
1.1228
1.1244
1.1248
1.1255
1.1274
1.1272
1.1282
1.1296
1.1296
1.1308
1.1316
1.1317
1.1331
1.1332
1.1336
1.1351
1.1346
1.1352
1.1363
1.1359
1.1368
1.1373
1.137
1.1381
1.138
1.138
1.1392
1.1385
1.1388
1.1396
1.1388
1.1392
1.1395
1.1389
1.1396
1.1391
1.1388
1.1397
1.1387
1.1386
1.1392
1.1381
1.1382
1.1382
1.1373
1.1376
1.1368
1.1361
1.1367
1.1353
1.1348
1.1351
1.1336
1.1334
1.1331
1.1319
1.132
1.1312
1.1302
1.1305
1.1292
1.1286
1.1288
1.1274
1.1273
1.1272
1.126
1.1262
1.1255
1.1247
1.1251
1.1238
1.1232
1.1234
1.1219
1.1215
1.1212
1.1199
1.1198
1.119
1.1178
1.1178
1.1163
1.1154
1.1154
1.1135
1.1127
1.1121
1.1103
1.1098
1.1085
1.1069
1.1065
1.1046
1.1032
1.1027
1.1003
1.0991
1.098
1.0957
1.0946
1.0929
1.0907
1.0898
1.0875
1.0855
1.0845
1.0816
1.0798
1.0782
1.0753
1.0736
1.0713
1.0685
1.0669
1.0639
1.0613
1.0597
1.0561
1.0535
1.0512
1.0476
1.045
1.0421
1.0386
1.0362
1.0325
1.029
1.0266
1.0221
1.0186
1.0154
1.0108
1.0073
1.0034
0.99872
0.99506
0.99025
0.9855
0.9817
0.97599
0.97102
0.96634
0.96024
0.95501
0.94935
0.9429
0.93729
0.93055
0.92368
0.91763
0.90982
0.90258
0.89565
0.88724
0.87944
0.87122
0.86204
0.85343
0.84379
0.83378
0.82435
0.81322
0.80218
0.79125
0.77877
0.76654
0.75384
0.73995
0.72622
0.71141
0.6958
0.6803
0.66318
0.64562
0.62787
0.60843
0.58857
0.56806
0.54608
0.52365
0.50011
0.4752
0.44982
0.423
0.39509
0.36663
0.3366
0.30564
0.27412
0.2413
0.20786
0.17393
0.13894
0.10369
0.068036
0.031654
-0.0046267
-0.041172
-0.078059
-0.11447
-0.15095
-0.18726
-0.22268
-0.25802
-0.29285
-0.32652
-0.35991
-0.39229
-0.42328
-0.45377
-0.48289
-0.51097
-0.53856
-0.56448
-0.58954
-0.61389
-0.63634
-0.6584
-0.6798
-0.69941
-0.71904
-0.73777
-0.7553
-0.77287
-0.7891
-0.80463
-0.82011
-0.8337
-0.84707
-0.86034
-0.87169
-0.88356
-0.89501
-0.90526
-0.91603
-0.92574
-0.93492
-0.94472
-0.95296
-0.96134
-0.97026
-0.97723
-0.98502
-0.9927
-0.99912
-1.0064
-1.0129
-1.0189
-1.0258
-1.0313
-1.037
-1.0435
-1.0478
-1.0532
-1.0587
-1.0628
-1.068
-1.0725
-1.0765
-1.0816
-1.0853
-1.0892
-1.0941
-1.0969
-1.1008
-1.1048
-1.1073
-1.1111
-1.1142
-1.1167
-1.1203
-1.1227
-1.1252
-1.1289
-1.1304
-1.133
-1.136
-1.1374
-1.14
-1.1421
-1.1436
-1.1462
-1.1474
-1.1489
-1.1515
-1.1521
-1.1537
-1.1558
-1.1562
-1.158
-1.1594
-1.16
-1.1618
-1.1625
-1.1633
-1.1652
-1.1651
-1.1661
-1.1678
-1.1676
-1.1688
-1.1697
-1.1698
-1.1711
-1.1715
-1.1718
-1.1734
-1.173
-1.1736
-1.1749
-1.1744
-1.1752
-1.1759
-1.1757
-1.1767
-1.1768
-1.1769
-1.1781
-1.1775
-1.1778
-1.1789
-1.1781
-1.1788
-1.1793
-1.1788
-1.1796
-1.1795
-1.1793
-1.1804
-1.1796
-1.1797
-1.1806
-1.1798
-1.1802
-1.1805
-1.1798
-1.1805
-1.1803
-1.18
-1.181
-1.1801
-1.18
-1.181
-1.1799
-1.1801
-1.1805
-1.1797
-1.1803
-1.1801
-1.1795
-1.1803
-1.1795
-1.1794
-1.1802
-1.1791
-1.1793
-1.1796
-1.1787
-1.1791
-1.1789
-1.1783
-1.1791
-1.1783
-1.178
-1.1788
-1.1776
-1.1777
-1.178
-1.1771
-1.1775
-1.1772
-1.1765
-1.1772
-1.1765
-1.1762
-1.1771
-1.1758
-1.1758
-1.1762
-1.1752
-1.1756
-1.1754
-1.1748
-1.1754
-1.1746
-1.1743
-1.1753
-1.174
-1.174
-1.1744
-1.1733
-1.1736
-1.1736
-1.1729
-1.1735
-1.1727
-1.1724
-1.1734
-1.1721
-1.172
-1.1725
-1.1714
-1.1717
-1.1716
-1.1709
-1.1715
-1.1709
-1.1705
-1.1714
-1.1702
-1.1701
-1.1707
-1.1697
-1.17
-1.17
-1.1693
-1.1699
-1.1693
-1.1689
-1.1698
-1.1687
-1.1686
-1.1692
-1.1682
-1.1685
-1.1684
-1.1677
-1.1683
-1.1676
-1.1671
-1.1679
-1.1668
-1.1666
-1.1671
-1.1658
-1.1659
-1.1658
-1.1648
-1.1651
-1.1643
-1.1635
-1.1639
-1.1625
-1.162
-1.1621
-1.1605
-1.1601
-1.1597
-1.1583
-1.1583
-1.1573
-1.1563
-1.1565
-1.155
-1.1543
-1.1544
-1.1527
-1.1523
-1.1518
-1.1504
-1.1505
-1.1497
-1.1487
-1.1491
-1.1479
-1.1476
-1.1482
-1.1471
-1.1473
-1.1476
-1.1469
-1.1476
-1.1476
-1.1475
-1.1488
-1.1484
-1.1487
-1.1501
-1.1497
-1.1506
-1.1517
-1.1516
-1.153
-1.1536
-1.1539
-1.1555
-1.1555
-1.1561
-1.1578
-1.1574
-1.1582
-1.1593
-1.159
-1.1601
-1.1604
-1.1602
-1.1612
-1.1607
-1.1606
-1.1616
-1.1605
-1.1605
-1.1607
-1.1597
-1.1598
-1.1592
-1.1582
-1.1585
-1.1573
-1.1565
-1.157
-1.1552
-1.1548
-1.1548
-1.1535
-1.1536
-1.1532
-1.1524
-1.1531
-1.1525
-1.1525
-1.1539
-1.1533
-1.1542
-1.1557
-1.156
-1.1578
-1.1593
-1.1605
-1.1633
-1.165
-1.1672
-1.1709
-1.1727
-1.1761
-1.1802
-1.183
-1.1875
-1.1919
-1.1958
-1.2013
-1.2057
-1.2108
-1.2173
-1.2218
-1.228
-1.2349
-1.2404
-1.2477
-1.255
-1.2621
-1.2709
-1.279
-1.2875
-1.2974
-1.3062
-1.3159
-1.3258
-1.3338
-1.3407
-1.3455
-1.345
-1.3381
-1.3217
-1.2915
-1.2463
-1.1839
-1.1037
-1.006
-0.88814
-0.75099
-0.59814
-0.43152
-0.25874
-0.086806
0.082802
0.24389
0.39158
0.52666
0.65032
0.76569
0.87086
0.96089
1.0376
1.1027
1.1585
1.2108
1.2602
1.305
1.3462
1.3828
1.4144
1.443
1.4672
1.4884
1.5086
1.5257
1.5409
1.555
1.5645
1.5734
1.5829
1.59
1.5983
1.6057
1.6108
1.6159
1.6186
1.6208
1.6246
1.626
1.6272
1.6289
1.627
1.6249
1.6215
1.6157
1.6105
1.6035
1.5948
1.5848
1.5686
1.55
1.5329
1.5148
1.4986
1.4815
1.4601
1.438
1.4138
1.3857
1.3555
1.3228
1.291
1.2606
1.2232
1.1772
1.1252
1.0707
1.0173
0.96335
0.90791
0.8525
0.79492
0.73473
0.67175
0.6038
0.53704
0.47492
0.41275
0.34985
0.28806
0.22815
0.17139
0.11646
0.063828
0.015755
-0.028897
-0.069325
-0.10527
-0.13773
-0.16501
-0.18786
-0.20839
-0.22622
-0.24128
-0.25293
-0.26061
-0.26262
-0.25431
-0.23697
-0.21344
-0.1825
-0.1471
-0.11015
-0.06983
-0.024351
0.027449
0.08428
0.14585
0.21458
0.28782
0.36431
0.44459
0.52751
0.61738
0.71441
0.81135
0.90623
0.99885
1.0883
1.1754
1.2565
1.3301
1.3982
1.4589
1.5148
1.5679
1.614
1.6526
1.6843
1.7075
1.7269
1.7422
1.7523
1.7612
1.7673
1.7704
1.7731
1.7727
1.771
1.77
1.7658
1.7623
1.7595
1.754
1.7501
1.7462
1.7409
1.7375
1.7329
1.7283
1.7258
1.7209
1.7172
1.7152
1.7106
1.708
1.7055
1.7015
1.6997
1.6967
1.6937
1.6928
1.6896
1.6876
1.6872
1.6842
1.6831
1.6822
1.6798
1.6793
1.6778
1.676
1.6763
1.6743
1.6733
1.6739
1.6717
1.6714
1.6714
1.6697
1.67
1.6692
1.6681
1.6689
1.6675
1.667
1.668
1.6661
1.666
1.6663
1.6648
1.6651
1.6644
1.6633
1.664
1.6625
1.6616
1.6624
1.6601
1.6596
1.6594
1.6572
1.6568
1.6556
1.6535
1.6531
1.6506
1.6487
1.6483
1.6447
1.6427
1.6412
1.6375
1.6355
1.6327
1.6289
1.6269
1.6229
1.6191
1.617
1.6118
1.608
1.6047
1.5992
1.5954
1.591
1.5855
1.5817
1.5762
1.5708
1.5669
1.5603
1.555
1.5504
1.5438
1.5389
1.5336
1.5272
1.5227
1.5165
1.5105
1.5065
1.5
1.4949
1.4906
1.4843
1.4799
1.4754
1.4699
1.4662
1.4612
1.4564
1.4535
1.4483
1.4443
1.4412
1.4363
1.433
1.4298
1.4256
1.4233
1.4199
1.4166
1.4151
1.4113
1.4087
1.407
1.4032
1.4012
1.3992
1.3961
1.3948
1.3924
1.39
1.3892
1.3863
1.3843
1.3835
1.3804
1.379
1.3775
1.3748
1.3738
1.3718
1.3696
1.3689
1.3662
1.3644
1.3637
1.3606
1.359
1.3575
1.3548
1.3536
1.3514
1.3489
1.348
1.3451
1.3428
1.3417
1.3383
1.3363
1.3345
1.3313
1.3295
1.3269
1.324
1.3225
1.3192
1.3165
1.315
1.3112
1.309
1.3069
1.3033
1.3013
1.2985
1.2953
1.2936
1.2903
1.2876
1.2862
1.2824
1.2801
1.2782
1.2749
1.2729
1.2704
1.2675
1.2661
1.2631
1.2606
1.2595
1.2562
1.2542
1.2527
1.2496
1.248
1.2459
1.2432
1.2419
1.2392
1.237
1.2361
1.2329
1.2311
1.2296
1.2267
1.2251
1.2231
1.2205
1.2192
1.2165
1.214
1.2129
1.2096
1.2075
1.2059
1.2026
1.2007
1.1983
1.1952
1.1935
1.1905
1.1877
1.1861
1.1825
1.18
1.178
1.1743
1.1719
1.1693
1.1659
1.1638
1.1605
1.1573
1.1555
1.1515
1.1486
1.1464
1.1424
1.1409
1.1385
1.1298
1.1331
1.1338
1.1133
1.1236
1.1371
1.0919
1.1058
1.1575
1.0643
1.0652
1.2656
1.0118
0.22831
-1.6494
-1.4715
-0.72154
-0.4134
-0.13603
0.36608
0.72917
1.0293
1.4205
1.755
2.0388
2.3433
2.614
2.848
3.0656
3.2518
3.4071
3.5286
3.622
3.6898
3.7312
3.7527
3.757
3.7418
3.7156
3.6793
3.632
3.5823
3.5289
3.4738
3.4246
3.3775
3.3386
3.3119
3.2871
3.2722
3.2659
3.26
3.2628
3.2693
3.2767
3.2907
3.3033
3.3175
3.336
3.3484
3.3628
3.3775
3.385
3.3939
3.4002
3.4022
3.406
3.4053
3.4034
3.4039
3.398
3.3938
3.3912
3.3831
3.3783
3.3732
3.3655
3.3619
3.3559
3.3502
3.3487
3.3424
3.3388
3.3382
3.3328
3.3316
3.3308
3.3276
3.3287
3.3277
3.3269
3.3304
3.3294
3.331
3.3357
3.3352
3.3383
3.3413
3.3407
3.3431
3.3423
3.3397
3.3392
3.3324
3.3256
3.3195
3.3055
3.2924
3.277
3.2553
3.2349
3.2111
3.1861
3.1654
3.1414
3.1217
3.1085
3.0934
3.0876
3.0885
3.093
3.1096
3.133
3.1656
3.2128
3.2666
3.3297
3.3993
3.4646
3.5291
3.5876
3.6327
3.6653
3.6801
3.6716
3.6393
3.5777
3.482
3.3521
3.181
2.9652
2.7089
2.4131
2.0856
1.7348
1.3612
0.97499
0.58199
0.18395
-0.20767
-0.59061
-0.9597
-1.3043
-1.624
-1.9108
-2.1561
-2.3599
-2.5187
-2.6366
-2.7203
-2.7703
-2.7913
-2.7888
-2.7642
-2.722
-2.6675
-2.6023
-2.5308
-2.4589
-2.3866
-2.32
-2.2652
-2.2183
-2.1854
-2.1644
-2.1497
-2.1466
-2.1506
-2.1593
-2.1766
-2.1958
-2.2187
-2.2469
-2.2722
-2.3
-2.3285
-2.3518
-2.375
-2.3943
-2.409
-2.4236
-2.4333
-2.4411
-2.4494
-2.4521
-2.4555
-2.459
-2.4584
-2.4599
-2.4607
-2.4598
-2.4619
-2.4625
-2.464
-2.4691
-2.4712
-2.4759
-2.4829
-2.4867
-2.494
-2.5015
-2.5073
-2.5163
-2.5233
-2.5305
-2.5405
-2.5464
-2.5541
-2.5636
-2.5686
-2.5763
-2.5838
-2.5887
-2.5964
-2.6019
-2.607
-2.6149
-2.6187
-2.6242
-2.6316
-2.6346
-2.6405
-2.6466
-2.6502
-2.6568
-2.6615
-2.6658
-2.6731
-2.6766
-2.6816
-2.6889
-2.6915
-2.6972
-2.7031
-2.7062
-2.7124
-2.7169
-2.7206
-2.7272
-2.73
-2.734
-2.7406
-2.7422
-2.7467
-2.7516
-2.7535
-2.7585
-2.7617
-2.7639
-2.7692
-2.7708
-2.7735
-2.7788
-2.779
-2.7821
-2.7858
-2.7862
-2.7897
-2.7917
-2.7925
-2.7963
-2.7965
-2.7978
-2.8018
-2.8003
-2.8018
-2.8042
-2.803
-2.8048
-2.8054
-2.8044
-2.8065
-2.8052
-2.8046
-2.8068
-2.8037
-2.8034
-2.8041
-2.8011
-2.801
-2.7998
-2.797
-2.7972
-2.7941
-2.7916
-2.792
-2.7872
-2.7849
-2.7839
-2.779
-2.777
-2.774
-2.7693
-2.7676
-2.7629
-2.7585
-2.757
-2.7506
-2.7465
-2.7438
-2.7371
-2.7334
-2.729
-2.7227
-2.7193
-2.7132
-2.7072
-2.7042
-2.6965
-2.6909
-2.687
-2.6791
-2.674
-2.6685
-2.661
-2.6565
-2.6495
-2.6425
-2.6385
-2.6301
-2.6237
-2.619
-2.6104
-2.6047
-2.5987
-2.5906
-2.5854
-2.5781
-2.5706
-2.566
-2.5573
-2.5504
-2.5454
-2.5364
-2.5302
-2.524
-2.5155
-2.51
-2.5025
-2.4947
-2.4899
-2.4813
-2.4743
-2.4693
-2.4605
-2.4544
-2.4484
-2.4403
-2.4351
-2.4284
-2.4212
-2.4168
-2.4091
-2.4027
-2.3984
-2.39
-2.3842
-2.3784
-2.3702
-2.3645
-2.3571
-2.3488
-2.3429
-2.3335
-2.3249
-2.3181
-2.3068
-2.2977
-2.2887
-2.2772
-2.2681
-2.2576
-2.2465
-2.2382
-2.2271
-2.2172
-2.2099
-2.1991
-2.1912
-2.1845
-2.176
-2.1706
-2.1649
-2.1581
-2.1526
-2.1434
-2.1322
-2.1197
-2.1004
-2.0776
-2.0504
-2.0151
-1.9741
-1.9255
-1.8671
-1.801
-1.7243
-1.6361
-1.5394
-1.4321
-1.3172
-1.1974
-1.071
-0.94144
-0.81042
-0.67692
-0.54483
-0.4144
-0.28594
-0.16332
-0.045352
0.065926
0.16754
0.26095
0.34464
0.41859
0.4851
0.54297
0.59302
0.63661
0.67293
0.70311
0.72786
0.74689
0.76116
0.77126
0.77711
0.77955
0.77923
0.77586
0.77017
0.76263
0.75226
0.74033
0.72698
0.71133
0.69478
0.67705
0.65778
0.63824
0.61764
0.59635
0.57538
0.55343
0.53172
0.51062
0.48885
0.46771
0.44698
0.42599
0.40585
0.38586
0.36605
0.3473
0.32845
0.31026
0.29311
0.27595
0.25977
0.24449
0.22954
0.21571
0.20251
0.18985
0.17827
0.167
0.15644
0.14681
0.1374
0.12876
0.12081
0.11315
0.10624
0.099788
0.093719
0.088335
0.083207
0.078543
0.074454
0.070537
0.067108
0.064094
0.061283
0.058919
0.056819
0.054957
0.053481
0.05214
0.051062
0.050286
0.049569
0.049109
0.048833
0.048634
0.048664
0.04879
0.049027
0.049461
0.049915
0.050509
0.051253
0.051973
0.052844
0.053785
0.054726
0.055792
0.056853
0.057939
0.059122
0.060239
0.061421
0.062676
0.06383
0.065079
0.066341
0.067543
0.068831
0.07007
0.071297
0.072595
0.073787
0.07501
0.076286
0.077408
0.078602
0.079788
0.080872
0.082027
0.083111
0.084151
0.085256
0.08623
0.087218
0.088262
0.089117
0.090043
0.09096
0.091746
0.092602
0.09338
0.094093
0.094875
0.09552
0.096169
0.096888
0.097409
0.098004
0.09861
0.099073
0.099624
0.10012
0.10054
0.10106
0.10144
0.10184
0.10233
0.10263
0.103
0.10341
0.10366
0.10402
0.10433
0.10457
0.10491
0.10513
0.10536
0.10568
0.10581
0.10603
0.10629
0.10639
0.1066
0.10677
0.10687
0.10707
0.10716
0.10724
0.10744
0.10744
0.10753
0.10766
0.10762
0.10771
0.10776
0.10773
0.1078
0.10777
0.10773
0.10781
0.1077
0.10767
0.10772
0.10759
0.10757
0.10755
0.10745
0.10746
0.10739
0.10732
0.10737
0.10726
0.10723
0.10729
0.10717
0.10719
0.10722
0.10714
0.1072
0.10719
0.10716
0.10725
0.1072
0.10721
0.10731
0.10723
0.10728
0.10734
0.10729
0.10737
0.10739
0.10738
0.1075
0.10748
0.10752
0.10767
0.10764
0.10774
0.10787
0.1079
0.10808
0.1082
0.1083
0.10856
0.10868
0.10887
0.10919
0.10933
0.1096
0.10992
0.11013
0.11049
0.11079
0.11108
0.11151
0.11181
0.11217
0.11265
0.11293
0.11336
0.11383
0.11418
0.11467
0.11512
0.11554
0.11612
0.11657
0.11707
0.11773
0.11818
0.11879
0.11945
0.12
0.12071
0.12139
0.12205
0.12287
0.12357
0.12435
0.12529
0.12601
0.12691
0.12788
0.12872
0.12974
0.13073
0.1317
0.13284
0.13386
0.13496
0.13623
0.13728
0.13851
0.13982
0.14098
0.14235
0.14369
0.145
0.14651
0.14788
0.14934
0.15099
0.15241
0.15403
0.15575
0.15729
0.15906
0.16083
0.16254
0.16448
0.16628
0.16817
0.17028
0.17212
0.1742
0.1764
0.1784
0.18065
0.1829
0.18509
0.18754
0.18983
0.19222
0.19487
0.19723
0.19983
0.20259
0.2051
0.20792
0.21073
0.21346
0.21649
0.21936
0.22232
0.22558
0.22852
0.23173
0.23512
0.23821
0.24166
0.24513
0.24848
0.25221
0.25575
0.25939
0.2634
0.26706
0.27103
0.27525
0.27912
0.28344
0.28779
0.29202
0.2967
0.3012
0.30582
0.31088
0.31553
0.32054
0.32588
0.33077
0.33617
0.34164
0.34691
0.35271
0.35829
0.36396
0.37013
0.37582
0.3819
0.38839
0.3943
0.40086
0.40755
0.41403
0.42122
0.42825
0.43547
0.44342
0.45094
0.45905
0.46783
0.47605
0.4852
0.49469
0.50402
0.5143
0.52443
0.53471
0.54574
0.55612
0.56691
0.57823
0.58846
0.59934
0.61013
0.62013
0.63065
0.64048
0.64986
0.6596
0.66806
0.67667
0.68592
0.69389
0.70305
0.71275
0.72221
0.73339
0.74498
0.75746
0.77209
0.78708
0.80409
0.82358
0.84351
0.86642
0.89127
0.91617
0.94183
0.96637
0.98889
1.0093
1.0257
1.0376
1.0449
1.0453
1.0387
1.0245
1.0011
0.96797
0.9247
0.86949
0.80327
0.72766
0.64211
0.54874
0.44868
0.3414
0.22969
0.11357
-0.0067081
-0.12812
-0.25178
-0.37629
-0.49892
-0.62147
-0.74148
-0.85702
-0.97065
-1.0799
-1.1847
-1.2868
-1.3835
-1.4761
-1.5651
-1.6476
-1.7262
-1.8005
-1.8674
-1.9305
-1.988
-2.038
-2.0838
-2.1229
-2.1555
-2.1844
-2.2066
-2.2241
-2.2388
-2.2464
-2.2515
-2.254
-2.2502
-2.2454
-2.2376
-2.2256
-2.2137
-2.1982
-2.1806
-2.1645
-2.1447
-2.1268
-2.112
-2.0953
-2.0842
-2.0765
-2.0709
-2.0735
-2.0798
-2.0926
-2.1156
-2.1432
-2.1811
-2.2307
-2.2866
-2.3522
-2.4219
-2.4905
-2.558
-2.6189
-2.6695
-2.7087
-2.731
-2.7332
-2.7137
-2.6674
-2.5905
-2.4825
-2.3371
-2.1512
-1.9274
-1.6659
-1.3751
-1.0613
-0.72553
-0.37782
-0.021844
0.33926
0.69533
1.0452
1.3827
1.6993
1.9941
2.2593
2.4883
2.6797
2.8293
2.9415
3.0217
3.0703
3.0923
3.0922
3.0709
3.0334
2.9845
2.924
2.8582
2.7919
2.7225
2.6597
2.6057
2.5591
2.5265
2.5027
2.4863
2.4811
2.48
2.4853
2.4991
2.5118
2.5305
2.5527
2.5725
2.5958
2.6177
2.6365
2.6557
2.669
2.6798
2.6907
2.6945
2.6986
2.7018
2.6999
2.6995
2.6972
2.6924
2.6899
2.6844
2.679
2.6767
2.6702
2.6667
2.6655
2.6611
2.6603
2.6596
2.6575
2.6588
2.658
2.6575
2.6603
2.6588
2.6595
2.6618
2.6601
2.6611
2.6617
2.66
2.661
2.6593
2.6574
2.658
2.6541
2.6518
2.6511
2.6459
2.6433
2.6402
2.6346
2.6317
2.6263
2.6204
2.617
2.6092
2.603
2.5986
2.5898
2.5838
2.5781
2.57
2.5649
2.5583
2.5517
2.5482
2.5416
2.537
2.5351
2.5298
2.528
2.527
2.5237
2.5223
2.5183
2.5118
2.5053
2.493
2.4779
2.4606
2.4349
2.4055
2.3708
2.3271
2.2782
2.2208
2.1538
2.0814
2.0006
1.9156
1.8296
1.7387
1.6493
1.5624
1.4758
1.396
1.3214
1.2533
1.1967
1.1481
1.1121
1.092
1.0828
1.0894
1.1088
1.1365
1.1757
1.2216
1.273
1.3311
1.3902
1.4518
1.5152
1.5743
1.6325
1.6867
1.7335
1.7748
1.8071
1.8315
1.8506
1.8616
1.8676
1.8699
1.8651
1.8581
1.8483
1.834
1.8196
1.8033
1.7854
1.7691
1.7516
1.7355
1.7226
1.7078
1.6957
1.6856
1.674
1.6651
1.6565
1.6474
1.6408
1.6328
1.6253
1.6199
1.6118
1.6051
1.5992
1.5908
1.584
1.5768
1.5682
1.5615
1.5532
1.5449
1.5383
1.5293
1.5215
1.5147
1.5059
1.499
1.4921
1.4842
1.4782
1.4712
1.4645
1.4598
1.4529
1.4473
1.4428
1.4365
1.4319
1.4274
1.4218
1.4181
1.4133
1.4084
1.4053
1.4002
1.396
1.393
1.3879
1.3843
1.3808
1.3762
1.3733
1.3693
1.3653
1.3629
1.3585
1.3551
1.3528
1.3484
1.3455
1.3428
1.339
1.3368
1.3337
1.3304
1.3287
1.3251
1.3224
1.3209
1.3172
1.3151
1.3132
1.31
1.3083
1.3059
1.3033
1.3021
1.2992
1.2971
1.2961
1.293
1.2913
1.29
1.2873
1.2861
1.2842
1.282
1.2812
1.2788
1.2771
1.2766
1.2739
1.2727
1.2717
1.2695
1.2687
1.2672
1.2653
1.2649
1.263
1.2616
1.2615
1.2591
1.2582
1.2576
1.2556
1.2551
1.2541
1.2525
1.2524
1.2508
1.2497
1.2499
1.2478
1.2472
1.247
1.2453
1.2449
1.2442
1.2428
1.2429
1.2417
1.2407
1.2412
1.2394
1.2389
1.239
1.2374
1.2373
1.2368
1.2356
1.2359
1.2349
1.2341
1.2348
1.2332
1.2328
1.2331
1.2317
1.2317
1.2314
1.2303
1.2307
1.2298
1.2292
1.2299
1.2285
1.2282
1.2286
1.2273
1.2274
1.2272
1.2262
1.2267
1.2259
1.2253
1.2261
1.2248
1.2245
1.225
1.2237
1.2238
1.2238
1.2228
1.2232
1.2226
1.2219
1.2226
1.2215
1.2212
1.2217
1.2204
1.2205
1.2205
1.2195
1.2199
1.2193
1.2186
1.2193
1.2181
1.2178
1.2184
1.217
1.2169
1.2169
1.2159
1.2163
1.2156
1.2148
1.2155
1.2143
1.214
1.2145
1.213
1.2129
1.2129
1.2118
1.212
1.2114
1.2105
1.211
1.2098
1.2093
1.2098
1.2083
1.208
1.2079
1.2067
1.2068
1.2061
1.2052
1.2056
1.2043
1.2036
1.204
1.2023
1.202
1.2019
1.2005
1.2004
1.1996
1.1984
1.1987
1.1974
1.1965
1.1968
1.195
1.1945
1.1942
1.1926
1.1923
1.1914
1.1901
1.1901
1.1887
1.1876
1.1878
1.1858
1.1851
1.1847
1.1829
1.1824
1.1814
1.1799
1.1797
1.178
1.1768
1.1768
1.1745
1.1735
1.173
1.171
1.1703
1.1692
1.1674
1.1669
1.1651
1.1636
1.1634
1.1611
1.1598
1.1591
1.1569
1.1559
1.1545
1.1526
1.1519
1.1499
1.1481
1.1477
1.1452
1.1437
1.1428
1.1403
1.1391
1.1376
1.1354
1.1344
1.1323
1.1303
1.1295
1.1268
1.1251
1.124
1.1213
1.1198
1.1181
1.1155
1.1143
1.1121
1.1098
1.1087
1.1058
1.1038
1.1025
1.0995
1.0977
1.0958
1.093
1.0915
1.089
1.0864
1.0851
1.0821
1.0797
1.0781
1.0749
1.0728
1.0707
1.0676
1.0658
1.063
1.0602
1.0585
1.0552
1.0525
1.0507
1.0472
1.0448
1.0424
1.0391
1.0369
1.0339
1.0307
1.0286
1.0251
1.0222
1.02
1.0162
1.0134
1.0107
1.0071
1.0045
1.0013
0.99776
0.99538
0.99157
0.98825
0.98581
0.98164
0.97851
0.97552
0.9715
0.96855
0.96501
0.96114
0.95833
0.95424
0.95054
0.94774
0.94324
0.93971
0.93639
0.932
0.92863
0.92477
0.92053
0.91731
0.91291
0.90883
0.90565
0.90081
0.89688
0.89321
0.88846
0.88469
0.8805
0.87589
0.87225
0.86754
0.86308
0.85954
0.85436
0.85004
0.84603
0.84094
0.83677
0.83227
0.8273
0.82325
0.81827
0.81344
0.80951
0.80406
0.79938
0.79504
0.78965
0.78512
0.78033
0.77506
0.77065
0.76542
0.76029
0.756
0.75034
0.74535
0.74075
0.73512
0.73028
0.72527
0.71977
0.71509
0.70968
0.70432
0.69977
0.694
0.6888
0.68402
0.67825
0.67322
0.6681
0.66248
0.65762
0.65216
0.64671
0.64201
0.63624
0.63098
0.62615
0.62039
0.61531
0.61022
0.60463
0.59975
0.59439
0.589
0.58431
0.57872
0.57354
0.56881
0.56323
0.55829
0.55337
0.548
0.54328
0.53817
0.53303
0.52854
0.52327
0.51837
0.51393
0.50871
0.50407
0.49951
0.49451
0.49014
0.48547
0.48074
0.47663
0.47186
0.4674
0.46341
0.4587
0.45454
0.4505
0.44606
0.44219
0.4381
0.43394
0.43035
0.42622
0.42237
0.41898
0.41492
0.41137
0.40798
0.40421
0.40097
0.39757
0.39411
0.39118
0.38779
0.38464
0.38195
0.37865
0.37583
0.37317
0.37017
0.36767
0.36504
0.36235
0.36017
0.35758
0.35521
0.35329
0.3508
0.34876
0.3469
0.34471
0.34299
0.34119
0.33932
0.33793
0.33618
0.33463
0.33353
0.33187
0.33065
0.32962
0.32826
0.32736
0.32639
0.32535
0.32477
0.32388
0.32316
0.32289
0.32206
0.32166
0.32146
0.32094
0.32086
0.32073
0.32052
0.32076
0.3207
0.3208
0.32134
0.32134
0.32176
0.3224
0.32269
0.32342
0.32412
0.32471
0.32576
0.3265
0.32741
0.32876
0.32957
0.33079
0.33223
0.33331
0.33484
0.33632
0.3377
0.33954
0.34107
0.34275
0.34487
0.34645
0.34844
0.35068
0.35248
0.35477
0.35703
0.35914
0.36173
0.36401
0.36642
0.36929
0.3716
0.37431
0.3773
0.37979
0.3828
0.38579
0.38858
0.39188
0.39485
0.39794
0.40152
0.40449
0.40787
0.41155
0.41468
0.41835
0.422
0.4254
0.42936
0.43296
0.43665
0.44087
0.44443
0.4484
0.45272
0.45637
0.46063
0.46487
0.46881
0.47333
0.47748
0.48168
0.48645
0.4905
0.49497
0.49984
0.50395
0.50868
0.51342
0.51776
0.52275
0.52735
0.53195
0.53717
0.54162
0.54648
0.55179
0.5562
0.56131
0.56645
0.57109
0.57642
0.58135
0.58623
0.59177
0.59649
0.60161
0.60725
0.61185
0.61719
0.62259
0.6274
0.63296
0.6381
0.64312
0.64886
0.65373
0.65897
0.66482
0.66948
0.67493
0.68049
0.68534
0.69098
0.69622
0.70127
0.70709
0.71199
0.71723
0.72318
0.72779
0.73324
0.73884
0.7436
0.74923
0.75445
0.75941
0.76521
0.77004
0.77519
0.78113
0.78559
0.79093
0.79648
0.80108
0.8066
0.81173
0.81652
0.8222
0.82691
0.83188
0.83772
0.84202
0.84719
0.85266
0.85705
0.86242
0.86743
0.87201
0.87756
0.88212
0.88689
0.89259
0.89669
0.90167
0.90702
0.91115
0.91631
0.92115
0.92546
0.9308
0.93513
0.93963
0.94511
0.94895
0.95366
0.95883
0.96267
0.96761
0.9723
0.97639
0.98159
0.98582
0.99018
0.99564
0.99945
1.0042
1.0095
1.0133
1.0183
1.0232
1.0274
1.0327
1.037
1.0414
1.0469
1.0506
1.0551
1.0602
1.0636
1.0682
1.0725
1.0758
1.0804
1.0839
1.0872
1.0917
1.0946
1.0983
1.1029
1.1059
1.1104
1.1149
1.1188
1.1244
1.1293
1.1346
1.1416
1.1473
1.1542
1.1626
1.1694
1.1777
1.1859
1.193
1.2011
1.2079
1.214
1.2206
1.2247
1.2284
1.2319
1.2321
1.2321
1.2306
1.2261
1.2218
1.2159
1.2095
1.2051
1.1998
1.197
1.1976
1.1984
1.2044
1.2144
1.2276
1.2477
1.2726
1.3035
1.3429
1.3873
1.4376
1.4916
1.5443
1.5964
1.6451
1.6869
1.7211
1.7452
1.7561
1.7526
1.7324
1.6922
1.6315
1.5474
1.4366
1.3016
1.1435
0.96592
0.77391
0.5679
0.35277
0.13275
-0.09188
-0.31501
-0.53423
-0.74798
-0.94989
-1.1392
-1.3125
-1.4644
-1.5948
-1.7023
-1.7878
-1.8557
-1.9058
-1.9396
-1.9609
-1.97
-1.9684
-1.9597
-1.9438
-1.9231
-1.901
-1.8762
-1.8527
-1.8335
-1.8156
-1.8033
-1.7954
-1.7883
-1.7863
-1.7865
-1.7876
-1.7927
-1.7974
-1.8034
-1.8123
-1.8182
-1.8259
-1.8343
-1.8392
-1.8452
-1.8495
-1.8515
-1.8545
-1.8547
-1.8541
-1.8549
-1.8519
-1.8499
-1.8485
-1.8441
-1.8415
-1.8385
-1.8341
-1.8318
-1.8281
-1.8247
-1.8236
-1.8199
-1.8177
-1.8171
-1.8138
-1.8127
-1.8116
-1.8092
-1.8089
-1.8071
-1.8053
-1.8055
-1.8029
-1.8014
-1.8013
-1.7981
-1.7968
-1.7955
-1.7925
-1.7914
-1.789
-1.7863
-1.7854
-1.7819
-1.7795
-1.7785
-1.7745
-1.7724
-1.7705
-1.767
-1.7654
-1.7627
-1.7595
-1.7584
-1.7549
-1.7522
-1.7512
-1.7471
-1.7449
-1.7431
-1.7394
-1.7377
-1.735
-1.7317
-1.7304
-1.7268
-1.7239
-1.7227
-1.7185
-1.7161
-1.7141
-1.7102
-1.7081
-1.7053
-1.7017
-1.7001
-1.6963
-1.6933
-1.6919
-1.6874
-1.6848
-1.6826
-1.6785
-1.6763
-1.6733
-1.6696
-1.6678
-1.664
-1.6607
-1.6592
-1.6546
-1.6518
-1.6495
-1.6453
-1.6429
-1.6398
-1.636
-1.634
-1.6301
-1.6267
-1.625
-1.6204
-1.6173
-1.615
-1.6107
-1.6081
-1.605
-1.6009
-1.5988
-1.5949
-1.5913
-1.5895
-1.5848
-1.5816
-1.5792
-1.5748
-1.5721
-1.569
-1.5648
-1.5625
-1.5586
-1.5549
-1.553
-1.5483
-1.545
-1.5426
-1.5381
-1.5353
-1.5322
-1.528
-1.5256
-1.5217
-1.5179
-1.5159
-1.5113
-1.508
-1.5056
-1.501
-1.4981
-1.4951
-1.4909
-1.4884
-1.4846
-1.4808
-1.4787
-1.4742
-1.4708
-1.4685
-1.4639
-1.461
-1.458
-1.4538
-1.4513
-1.4476
-1.4439
-1.4418
-1.4374
-1.434
-1.4319
-1.4274
-1.4244
-1.4215
-1.4174
-1.4149
-1.4114
-1.4077
-1.4056
-1.4015
-1.3982
-1.396
-1.3916
-1.3888
-1.3862
-1.3821
-1.3797
-1.3763
-1.3728
-1.3708
-1.3668
-1.3637
-1.3617
-1.3575
-1.3547
-1.3522
-1.3484
-1.3461
-1.343
-1.3395
-1.3376
-1.3339
-1.3309
-1.3291
-1.3251
-1.3225
-1.3202
-1.3165
-1.3144
-1.3115
-1.3083
-1.3065
-1.303
-1.3002
-1.2987
-1.2949
-1.2925
-1.2904
-1.2869
-1.2849
-1.2823
-1.2793
-1.2778
-1.2746
-1.2719
-1.2707
-1.267
-1.2648
-1.2631
-1.2598
-1.258
-1.2558
-1.253
-1.2516
-1.2488
-1.2463
-1.2453
-1.2421
-1.2401
-1.2386
-1.2356
-1.2341
-1.2321
-1.2295
-1.2283
-1.2259
-1.2237
-1.2229
-1.2199
-1.2182
-1.217
-1.2143
-1.213
-1.2114
-1.2091
-1.2082
-1.2061
-1.2041
-1.2036
-1.2009
-1.1995
-1.1987
-1.1963
-1.1953
-1.1939
-1.1919
-1.1913
-1.1895
-1.1879
-1.1876
-1.1854
-1.1842
-1.1838
-1.1816
-1.1808
-1.18
-1.1783
-1.1779
-1.1764
-1.1751
-1.1752
-1.1733
-1.1724
-1.1723
-1.1706
-1.1701
-1.1695
-1.1681
-1.168
-1.167
-1.166
-1.1664
-1.1649
-1.1644
-1.1646
-1.1631
-1.163
-1.1628
-1.1618
-1.1621
-1.1615
-1.1609
-1.1616
-1.1605
-1.1602
-1.1609
-1.1598
-1.16
-1.1603
-1.1596
-1.1602
-1.1601
-1.1597
-1.1608
-1.1602
-1.1603
-1.1614
-1.1607
-1.1614
-1.162
-1.1617
-1.1627
-1.163
-1.163
-1.1645
-1.1642
-1.1647
-1.1664
-1.166
-1.167
-1.1681
-1.1681
-1.1696
-1.1703
-1.1707
-1.1726
-1.1729
-1.1737
-1.1758
-1.1759
-1.1773
-1.1789
-1.1793
-1.1811
-1.1823
-1.1831
-1.1853
-1.1861
-1.1874
-1.1899
-1.1903
-1.1921
-1.1942
-1.195
-1.1972
-1.1989
-1.2001
-1.2027
-1.2039
-1.2055
-1.2084
-1.2091
-1.2113
-1.2138
-1.2148
-1.2174
-1.2194
-1.221
-1.2239
-1.2255
-1.2276
-1.231
-1.2322
-1.2348
-1.2378
-1.2395
-1.2426
-1.2452
-1.2473
-1.2509
-1.2531
-1.2557
-1.2598
-1.2616
-1.2646
-1.2683
-1.2702
-1.2737
-1.2767
-1.279
-1.2828
-1.2852
-1.2879
-1.2919
-1.2935
-1.296
-1.2989
-1.2997
-1.3014
-1.3024
-1.3019
-1.302
-1.3003
-1.2977
-1.2956
-1.2905
-1.2852
-1.2794
-1.2708
-1.262
-1.2515
-1.2384
-1.2246
-1.208
-1.1889
-1.1686
-1.1445
-1.1178
-1.0892
-1.0564
-1.0209
-0.98236
-0.9394
-0.89345
-0.84375
-0.78999
-0.73402
-0.67479
-0.61286
-0.54975
-0.48414
-0.41713
-0.3498
-0.28096
-0.21196
-0.14342
-0.074417
-0.0065053
0.060237
0.12633
0.19026
0.25275
0.31407
0.37295
0.43045
0.4864
0.53967
0.59159
0.64159
0.6887
0.73443
0.77787
0.81831
0.85727
0.89338
0.92679
0.95856
0.98723
1.014
1.0394
1.0616
1.0827
1.1027
1.1196
1.1361
1.1512
1.1642
1.1773
1.1885
1.1987
1.2096
1.2202
1.2228
1.2345
1.2498
1.2392
1.2495
1.2828
1.2504
1.2485
1.3277
1.2624
1.2067
1.4269
1.3002
0.45293
