-2.249999999999999917e-02
-2.205000000000000016e-02
-2.159999999999999767e-02
-2.114999999999999866e-02
-2.069999999999999965e-02
-2.025000000000000064e-02
-1.979999999999999816e-02
-1.934999999999999915e-02
-1.890000000000000013e-02
-1.845000000000000112e-02
-1.799999999999999864e-02
-1.754999999999999963e-02
-1.709999999999999715e-02
-1.664999999999999813e-02
-1.619999999999999912e-02
-1.575000000000000011e-02
-1.529999999999999936e-02
-1.484999999999999862e-02
-1.439999999999999961e-02
-1.394999999999999886e-02
-1.349999999999999985e-02
-1.304999999999999910e-02
-1.260000000000000009e-02
-1.214999999999999934e-02
-1.169999999999999860e-02
-1.124999999999999958e-02
-1.080000000000000057e-02
-1.034999999999999983e-02
-9.899999999999999079e-03
-9.450000000000000067e-03
-9.000000000000001055e-03
-8.549999999999998573e-03
-8.099999999999999561e-03
-7.650000000000000550e-03
-7.199999999999998068e-03
-6.749999999999999056e-03
-6.300000000000000044e-03
-5.849999999999997563e-03
-5.399999999999998551e-03
-4.949999999999999539e-03
-4.500000000000000527e-03
-4.049999999999998046e-03
-3.599999999999999034e-03
-3.150000000000000022e-03
-2.700000000000001010e-03
-2.249999999999998529e-03
-1.799999999999999517e-03
-1.350000000000000505e-03
-8.999999999999980238e-04
-4.499999999999990119e-04
0.000000000000000000e+00
4.499999999999990119e-04
8.999999999999980238e-04
1.349999999999997036e-03
1.799999999999999517e-03
2.250000000000001998e-03
2.700000000000001010e-03
3.150000000000000022e-03
3.599999999999999034e-03
4.049999999999998046e-03
4.499999999999997058e-03
4.950000000000003009e-03
5.400000000000002021e-03
5.850000000000001033e-03
6.300000000000000044e-03
6.749999999999999056e-03
7.199999999999998068e-03
7.649999999999997080e-03
8.100000000000003031e-03
8.550000000000002043e-03
9.000000000000001055e-03
9.450000000000000067e-03
9.899999999999999079e-03
1.034999999999999809e-02
1.080000000000000404e-02
1.125000000000000305e-02
1.170000000000000207e-02
1.215000000000000108e-02
1.260000000000000009e-02
1.304999999999999910e-02
1.349999999999999811e-02
1.395000000000000406e-02
1.440000000000000308e-02
1.485000000000000209e-02
1.530000000000000110e-02
1.575000000000000011e-02
1.619999999999999912e-02
1.664999999999999813e-02
1.709999999999999715e-02
1.755000000000000310e-02
1.800000000000000211e-02
1.845000000000000112e-02
1.890000000000000013e-02
1.934999999999999915e-02
1.979999999999999816e-02
2.024999999999999717e-02
2.070000000000000312e-02
2.115000000000000213e-02
2.160000000000000114e-02
2.205000000000000016e-02
2.249999999999999917e-02
